279.817,101795,274.796,289.669,2.226,-0.81,0.0053,5.9e-09
279.817,101219,285.683,256.648,5.755,-2.095,0.00521,0
280.372,100677,299.966,271.905,4.243,-1.544,0.00468,0
280.928,100406,274.86,298.808,3.621,0,0.00468,0
279.817,100914,319.991,173.921,3.403,1.238,0.00523,5.9e-09
282.039,101084,327.095,127.704,2.26,-1.897,0.00537,0
282.594,100644,320.498,172.409,3.252,-1.878,0.00419,8.8e-09
283.15,100136,307.199,182.404,3.487,0,0.00639,0
282.594,100339,313.915,205.376,3.067,-1.116,0.00659,0
278.15,100508,318.07,208.253,5.855,-1.032,0.00506,0
279.261,100136,320.37,189.296,4.336,0,0.00412,0
284.261,100034,308.97,256.352,-2.436,0.887,0.00655,3.23e-08
288.15,100237,331.908,214.312,-3.6,2.079,0.00824,5.9e-09
290.372,100034,310.248,271.132,-0.675,-3.83,0.00903,0
283.706,100169,310.946,260.13,2.529,3.014,0.00735,0
280.928,100237,287.084,280.633,2.553,0.45,0.00415,0
280.928,100948,301.718,230.739,6.884,0,0.00584,0
278.15,101355,319.113,158.236,4.711,0.831,0.00382,3e-10
279.817,101727,322.127,162.268,3.698,0.652,0.00512,3e-10
280.928,102100,324.096,167.925,1.815,1.523,0.00512,3e-10
283.15,102472,321.542,178.881,-2.013,1.162,0.00563,8.8e-09
285.743,102314,321.542,178.881,3.167,1.477,0.00642,0
285.928,102845,324.165,194.225,-0.78,-2.142,0.00639,0
290.372,102777,315.405,276.261,2.633,-1.52,0.00818,0
294.261,101964,318.781,291.19,-6.763,2.462,0.00819,0
286.483,102404,335.329,191.545,4.041,3.391,0.00713,0
286.483,102303,324.552,170.492,-1.147,-3.151,0.00629,0
289.261,101896,347.71,136.748,0.902,-2.478,0.00871,3e-10
291.483,101626,362.138,180.005,5.186,0,0.00875,0
285.928,101795,354.084,118.96,3.319,-1.208,0.00637,0
282.594,102134,340.919,158.104,4.621,1.682,0.00581,3e-10
283.706,102337,323.753,190.975,1.438,-1.207,0.00578,3e-10
289.817,101863,307.269,263.709,-3.151,1.147,0.00548,0
291.483,101558,323.671,241.202,3.04,0,0.00915,0
293.706,101050,340.973,268.607,-1.407,3.865,0.01043,8.8e-09
288.706,101422,359.423,154.675,3.116,2.615,0.00978,2.9e-09
286.483,101964,325.201,224.414,3.151,-2.644,0.00726,0
288.15,101761,348.242,168.414,2.363,-1.983,0.00747,0
292.039,100711,339.927,194.441,-2.772,4.801,0.00998,2.9e-09
291.483,100474,362.374,153.9,-1.207,1.438,0.00925,3e-10
290.372,100644,355.101,166.871,-1.753,-2.089,0.00848,3e-10
292.039,100508,352.518,202.665,-3.185,2.672,0.00958,3e-10
292.594,100136,342.627,214.179,-1.855,-3.213,0.0101,3e-10
292.039,99628,350.771,217.342,-4.369,1.59,0.00896,0
288.706,99831,362.683,181.665,-3.949,-2.28,0.00835,2.9e-09
286.483,100339,355.864,121.302,3.823,1.391,0.0066,1.264e-07
287.039,101118,340.921,140.267,-0.38,2.157,0.00799,1.18e-08
288.706,100881,334.017,166.746,-4.285,1.56,0.00815,3e-10
288.706,101185,359.627,106.548,-3.707,4.418,0.0088,3e-10
288.15,101456,349.951,134.581,-1.188,6.736,0.00825,2.9e-09
290.928,100576,342.661,107.895,-0.994,5.635,0.00982,1.18e-08
286.483,100813,341.913,137.26,-4.694,8.13,0.00686,0
283.706,100847,333.8,103.719,5.293,-1.926,0.00682,7.64e-08
286.206,101236,333.8,103.719,-2.585,5.544,0.00751,0
283.706,101524,324.8,90.901,2.186,6.007,0.00662,1.264e-07
285.928,101693,334.151,115.959,-4.623,3.879,0.00711,1.18e-08
286.483,101964,338.06,148.092,-1.208,3.319,0.00812,3e-10
289.261,101253,342.111,176.942,-3.174,0,0.00842,0
289.261,100914,339.717,124.762,-1.638,-1.952,0.00914,3e-10
285.928,101118,356.664,95.354,5.987,-1.056,0.00845,3e-10
284.261,101287,350.019,134.782,5.265,-3.04,0.0078,0
283.706,101456,324.04,131.029,0,-7.51,0.00678,0
282.039,101626,320.975,149.064,6.259,-2.278,0.00513,0
282.594,101253,308.521,205.178,4.026,-2.325,0.00409,0
282.594,101253,305.602,216.226,1.494,1.781,0.00645,0
285.928,100948,322.652,187.628,-2.689,0.979,0.00726,0
287.039,100847,314.871,197.326,-4.182,0.737,0.00632,0
285.372,100813,315.376,201.635,3.235,-1.177,0.00745,0
284.261,100373,322.467,154.954,1.351,-7.66,0.00595,3e-10
280.928,100406,329.001,137.884,0,-5.722,0.00534,0
282.594,100271,327.234,105.045,4.829,-4.052,0.00652,1.117e-07
279.817,101118,318.862,117.333,4.829,-4.052,0.00461,2.9e-09
280.928,101626,312.149,140.32,-2.397,2.011,0.00541,1.18e-08
282.594,100982,326.466,88.379,-2.278,6.259,0.00632,5.9e-09
283.15,100508,322.966,80.803,-0.8,4.535,0.00675,1e-07
282.039,100068,324.508,93.097,4.109,3.448,0.00614,8.8e-09
281.483,100373,298.655,134.37,-1.453,2.516,0.00548,8.23e-08
280.928,100305,303.91,133.63,4.692,-3.937,0.00555,2.028e-07
279.261,100847,297.96,148.056,7.24,-4.18,0.00462,3e-10
280.372,101185,309.748,133.693,4.142,-2.392,0.00472,3e-10
279.817,101151,308.772,106.111,2.597,0.458,0.00412,1.76e-08
280.928,100813,294.988,141.757,0,-4.873,0.004,0
280.928,100745,308.914,103.221,3.938,-3.305,0.00512,5.59e-08
280.372,100711,323.85,38.089,0,6.214,0.00564,1.441e-07
283.15,99391,332.347,59.534,-1.459,8.277,0.00667,5.29e-08
282.131,100457,332.347,59.534,5.517,-2.008,0.00608,0
282.594,99865,328.728,62.949,2.676,7.351,0.00654,5.9e-09
283.706,100508,330.058,91.322,-4.006,0.706,0.00709,3e-10
282.039,101524,292.49,150.743,3.361,-1.223,0.00563,0
283.706,101761,270.406,163.871,1.236,-1.473,0.00668,0
281.483,101185,297.006,119.989,2.941,-1.07,0.00626,0
278.706,100677,318.398,78.355,1.304,-7.396,0.00423,0
278.15,100644,298.538,111.05,0.706,-4.006,0.00396,0
281.483,100203,301.294,75.71,-3.109,1.131,0.00535,3e-10
284.261,99797,318.805,94.339,-2.025,0.357,0.00691,0
282.594,99797,309.974,83.395,2.749,-1.587,0.0067,0
280.928,99560,314.691,54.359,6.233,-3.599,0.00606,1.264e-07
279.261,99966,317.295,74.369,4.843,-0.854,0.00484,3e-10
279.817,100406,304.256,94.054,2.436,-0.887,0.00488,0
278.15,101016,299.876,81.182,1.37,1.149,0.00476,0
281.483,101287,320.61,69.086,-2.1,0.764,0.00605,3e-10
284.261,100440,296.69,108.54,-0.644,-3.654,0.00619,0
283.15,99695,303.688,69.772,-3.655,-1.33,0.00525,0
280.928,100068,323.021,63.381,0,-3.085,0.00503,0
279.817,100745,276.935,96.069,0,-4.694,0.00395,0
275.928,100847,274.142,74.702,1.983,-2.363,0.00356,0
275.372,100406,298.671,53.011,3.075,-3.664,0.00371,2.35e-08
274.817,100406,291.469,39.171,-5.923,-2.156,0.00356,2.9e-09
274.261,100576,291.95,40.289,-1.437,-3.949,0.00325,1.47e-08
273.706,100711,275.676,64.075,-1.782,-2.123,0.00288,3e-10
272.594,100644,271.347,77.215,-2.686,-0.474,0.00264,0
272.039,101626,260.932,80.517,-2.333,-0.411,0.00236,0
273.15,102506,279.21,58.402,0,-2.727,0.00272,0
271.483,101930,300.959,48.515,-6.303,0,0.00235,0
273.706,100745,299.471,37.209,-7.376,0,0.0024,0
273.15,100745,284.901,49.875,-2.906,-0.512,0.00261,3e-10
272.872,101372,284.901,49.875,-5.715,0,0.00277,0
272.594,101659,284.52,44.977,-1.893,0.334,0.00291,5.9e-09
273.15,102134,301.694,36.745,-6.706,0,0.0031,3e-10
273.15,101016,286.226,28.174,-9.03,0,0.00325,1.76e-08
274.817,100982,289.796,39.123,-2.95,0,0.0038,2.94e-08
275.372,101626,287.779,43.242,2.377,0.419,0.0038,2.94e-08
276.483,102574,291.78,47.971,-2.941,-1.07,0.00402,3e-10
275.372,101863,276.283,43.197,-8.99,3.272,0.0033,1.18e-08
274.817,101185,297.736,31.273,-11.221,0,0.00383,8.8e-09
276.483,101151,292.775,55.184,-10.628,3.868,0.00442,3.23e-08
279.817,100406,297.376,28.186,-11.265,0,0.00482,8.8e-09
279.261,100542,277.29,51.434,-9.522,0,0.00523,8.8e-09
278.15,101118,272.232,51.757,-5.797,2.11,0.00492,0
275.372,101321,262.755,43.367,0.241,-1.365,0.00439,3e-10
274.817,100711,287.627,27.589,4.007,-3.362,0.00407,0
274.817,101050,304.543,25.779,1.032,-5.855,0.0038,0
272.039,101084,279.317,36.253,1.405,-7.968,0.00279,0
269.817,101355,283.709,23.522,1.04,-5.899,0.00225,0
268.15,101727,290.476,27.471,-0.776,-4.402,0.00204,0
269.261,102167,254.093,39.989,-1.514,-4.159,0.00205,0
267.594,102134,227.309,41.52,-3.305,-3.938,0.00147,0
265.928,100982,244.52,33.436,0,-8.762,0.00133,0
264.817,99458,259.747,26.369,0,-2.28,0.00143,3e-10
270.372,98916,262.215,20.244,-0.994,-2.731,0.00282,3e-10
271.483,99323,282.551,19.283,-3.446,1.989,0.00298,8.8e-09
271.483,99661,267.379,19.955,-2.671,1.542,0.00317,4.12e-08
270.928,100136,276.525,14.336,1.316,-0.76,0.00314,5e-08
269.817,101524,289.3,14.22,2.012,-3.484,0.00236,0
267.039,102472,270.307,21.267,1.062,-0.891,0.00182,0
265.372,102506,269.806,16.822,1.319,-2.284,0.00154,0
263.15,102235,262.009,17.742,-2.436,0.887,0.00143,0
261.483,102167,276.766,15.49,-3.445,1.254,0.00116,0
261.298,102043,276.766,15.49,-3.382,1.231,0.00109,0
259.261,102269,243.499,20.976,-2.647,0.963,0.00094,0
259.261,101930,231.394,21.726,-3.398,0,0.00086,0
259.261,101151,218.507,19.589,-6.384,1.126,0.00079,0
263.15,99255,228.911,10.89,-7.748,-1.366,0.00108,0
261.483,98307,247.504,11.601,-1.507,-1.264,0.00102,0
258.706,99153,226.807,16.464,-0.588,-0.214,0.00082,0
255.372,99966,237.624,9.164,-3.487,1.269,0.00061,0
257.039,100406,267.278,6.547,-5.149,2.973,0.00073,3e-10
257.594,100068,248.401,7.683,-6.516,-1.149,0.00077,0
255.928,100474,249.148,8.387,-7.748,1.366,0.00067,3e-10
262.039,97156,248.003,5.248,-15.468,0,0.00119,1.823e-07
262.039,97867,230.931,6.074,-2.363,-1.983,0.0012,3e-10
258.706,98307,232.78,5.849,-5.107,0.9,0.00092,3e-10
254.261,98646,242.977,4.23,2.003,-5.503,5e-04,0
254.261,99763,231.358,5.124,0.784,-4.447,0.00049,0
253.983,99932,251.501,3.349,-3.104,0.547,0.00054,0
253.15,100745,251.501,3.349,-1.278,0.738,0.00052,2.9e-09
249.817,100948,262.508,3.884,-1.008,0.367,0.00038,3e-10
253.706,101185,266.623,3.205,-0.14,-0.792,0.00055,0
247.039,101118,247.177,3.14,-2.861,0,0.00027,0
246.483,100373,236.304,2.987,-1.858,1.073,0.00025,3e-10
246.483,100237,239.309,2.994,-3.136,1.811,0.00025,3e-10
249.261,99865,198.471,3.744,-0.481,-2.73,0.00033,3e-10
256.483,99255,212.514,2.671,-1.238,-3.403,0.00069,8.8e-09
260.928,99424,220.978,2.141,-4.159,1.514,0.00111,1.76e-08
258.15,99695,223.941,1.91,-4.413,2.548,0.00091,2.9e-09
256.483,99289,238.404,2.031,0.45,-2.553,0.00076,1.47e-08
255.928,99492,218.206,1.558,-2.226,1.868,0.00072,2.9e-09
258.15,99695,233.135,1.359,1.162,-2.013,0.00087,3e-10
253.706,100102,209.149,1.249,-0.856,-0.718,0.00057,8.8e-09
259.817,99797,213.532,1.009,-1.407,-3.865,0.001,1.76e-08
259.631,99825,213.532,1.009,-2.852,1.647,0.00102,0
264.261,98984,208.39,1.068,-2.904,1.676,0.00168,7.94e-08
263.706,99323,218.507,0.969,0,-3.398,0.00149,5.9e-09
258.15,101050,200.236,0.648,-0.947,5.371,0.00088,5.9e-09
258.15,103251,204.636,0.491,-10.082,1.778,0.00082,5.9e-09
267.039,102235,247.249,0.302,-14.577,5.306,0.00201,2.94e-08
270.928,102371,263.13,0.303,-7.975,4.605,0.00298,2.06e-08
270.372,102404,263.309,0.464,-7.561,2.752,0.00266,0
267.039,102404,239.674,0.303,-4.033,1.468,0.00187,0
264.261,102134,247.998,0.246,-2.774,0.489,0.00149,0
262.594,101896,237.165,0.21,-0.316,-0.377,0.00125,0
263.15,101693,235.418,0.148,-0.736,-0.425,0.00134,0
262.594,101795,250.809,0.114,-0.377,-0.316,0.00135,0
259.817,101930,209.091,0.124,1.025,-5.811,0.00083,0
257.039,101761,198.001,0.083,0,-7.466,0.00063,3e-10
252.594,100576,191.427,0.083,0,-6.974,0.00044,3e-10
247.594,100440,150.958,0.086,0,-7.242,0.00022,0
245.372,100339,141.248,0.067,0.248,-1.409,2e-04,0
249.817,100271,160.955,0.043,4.568,2.638,0.00035,2.9e-09
250.372,101016,171.635,0.058,-9.685,1.708,0.00035,2.9e-09
260.928,100305,208.056,0.036,-13.075,2.306,0.00112,3.23e-08
268.706,99526,253.265,0.024,-14.616,2.577,0.00232,6.17e-08
269.261,100237,250.401,0.039,-10.208,3.715,0.00198,3e-10
267.039,100847,243.843,0.039,-3.522,0.621,0.00185,0
263.15,101084,243.609,0.037,-2.705,2.27,0.0013,0
262.594,101151,245.415,0.056,-2.815,-1.024,0.0011,0
261.483,101185,211.241,0.065,-7.51,0,0.00078,2.9e-09
263.706,101355,216.846,0.064,-11.711,2.065,0.00119,3e-10
263.706,101896,227.778,0.074,-4.705,1.712,0.00122,0
262.594,101896,243.435,0.103,-3.258,-0.574,0.00116,0
260.372,101964,238.448,0.129,-2.772,0,0.001,0
254.817,102303,239.397,0.139,-0.311,-1.761,0.00058,0
256.483,102472,239.397,0.139,-2.301,-0.201,0.00063,0
253.706,102946,233.751,0.211,-0.703,-1.932,4e-04,0
254.261,103014,218.614,0.278,0.703,-1.932,0.00046,0
253.15,102709,210.935,0.336,0.326,-1.849,0.00045,0
252.039,102337,226.446,0.379,-0.872,-2.394,0.00046,3e-10
256.483,101693,203.702,0.443,-1.431,-2.478,0.00068,8.8e-09
254.817,101456,217.291,0.537,-0.535,-1.47,0.00058,3e-10
251.483,101930,202.739,0.758,0,-3.174,4e-04,0
250.372,102134,207.404,0.914,-0.613,-3.478,0.00032,0
248.15,102235,200.193,1.062,-1.897,1.095,0.00025,0
248.706,102337,197.218,1.321,-5.812,0,0.00023,0
248.15,101761,199.242,1.681,-2.818,0.497,0.00024,0
246.483,101185,199.188,1.376,-2.146,0,0.00022,0
246.483,100914,201.482,1.717,0.948,-1.13,0.00024,0
244.817,100982,161.167,2.161,0,-4.426,0.00019,0
244.817,100576,162.872,2.878,-0.613,-3.478,0.00018,0
243.706,100237,170.809,2.829,-0.21,-1.189,0.00018,0
243.706,99424,169.777,2.98,0.373,-2.113,0.00018,0
243.15,99661,157.206,3.682,0,-2.012,0.00017,0
239.817,99966,160.711,4.096,-0.294,0.107,0.00012,0
246.483,100136,173.648,3.458,2.904,-1.676,0.00025,3e-10
247.594,101456,160.797,4.681,5.459,-3.152,0.00028,0
248.15,102100,185.424,3.877,-5.73,3.308,0.00029,3e-10
256.483,102167,217.427,3.889,-7.124,4.113,0.00064,3e-10
258.15,101456,201.753,6.595,-5.723,-1.009,0.00063,0
254.817,101084,212.491,5.574,-1.883,1.58,6e-04,3e-10
255.372,102134,216.615,4.807,0,-2.638,0.00065,3e-10
249.817,102404,178.543,8.83,-0.248,-1.409,0.00034,0
252.039,101659,175.191,9.032,-3.571,-1.3,0.00037,0
260.928,101355,208.034,9.414,-8.538,0,0.00092,3e-10
263.706,101524,232.977,7.729,-4.667,0.823,0.00132,5.9e-09
260.372,102032,249.835,7.5,5.083,-1.85,0.00106,0
257.594,102111,249.835,7.5,-4.446,0.389,0.00073,0
253.706,102404,202.635,12.596,-0.616,-0.109,0.00054,0
252.039,102777,174.77,15.545,-0.272,-1.541,4e-04,0
254.817,102574,190.815,15.538,2.018,-5.545,0.00052,0
252.039,102167,196.011,16.346,1.667,-4.579,0.00039,0
248.15,101456,168.735,19.452,0,-3.621,0.00028,0
249.817,99899,176.15,20.095,-0.528,-2.994,0.00034,0
250.928,100203,191.086,11.583,-2.877,2.414,4e-04,2.9e-09
244.261,101219,204.128,18.927,1.322,1.575,2e-04,3e-10
250.372,100271,190.511,19.905,-2.126,-2.534,0.00036,0
264.261,99424,219.078,18.282,-8.937,1.576,0.00135,2.9e-09
264.817,99695,230.727,22.748,-4.873,1.774,0.00126,0
261.483,99594,230.851,24.728,-2.04,-2.431,0.00108,0
263.15,100068,207.123,29.739,-4.605,0,0.00115,0
258.15,99966,227.569,29.072,-0.764,-2.1,0.00081,0
257.039,100034,206.751,32.579,1.665,0.961,0.00077,3e-10
258.706,100677,236.121,34.924,0.199,0.546,0.00091,2.9e-09
258.15,101185,251.897,40.733,-0.603,0.719,0.00083,0
263.15,101151,260.452,42.688,-1.897,-2.26,0.0013,3e-10
270.372,100677,269.944,37.414,-4.327,1.575,0.0028,2.35e-08
270.372,101084,272.943,36.441,-5.445,4.569,0.00267,3e-10
270.372,101355,256.942,46.993,-2.11,5.797,0.0029,3.82e-08
267.039,101693,269.503,28.892,-1.678,1.408,0.00213,3e-10
260.928,101456,263.773,33.325,2.731,-0.994,0.00119,3e-10
254.261,101016,228.902,43.197,-2.686,-0.474,0.00047,0
247.039,101084,159.146,54.466,-1.409,-0.248,0.00025,2.9e-09
242.594,101592,154.557,69.111,-0.813,-0.469,0.00017,3e-10
239.817,101456,162.575,64.361,-0.882,0.321,0.00012,3e-10
238.706,100914,171.582,53.331,1.82,-1.051,1e-04,0
243.613,100457,171.582,53.331,1.236,1.473,0.00018,0
242.594,100339,155.706,58.42,4.762,-2.749,0.00016,0
244.817,99492,150.621,64.679,0.89,-0.514,0.00021,2.06e-08
253.15,98950,207.71,68.226,0.661,0.788,0.00054,2.06e-08
253.706,99492,223.893,71.415,3.038,-0.536,0.00054,1.18e-08
259.817,98713,228.906,74.769,-0.388,-2.201,0.00103,2.94e-08
254.817,99153,227.812,80.313,2.04,2.431,0.00065,5.9e-09
248.706,99899,206.291,63.627,1.587,0.916,0.00034,2.9e-09
244.817,99153,206.496,65.729,2.329,-1.954,0.00022,3e-10
250.372,98476,193.715,72.072,6.472,-1.141,0.00039,3e-10
250.372,99357,196.462,79.932,-1.428,0.52,0.00038,2.9e-09
246.483,99899,191.568,91.561,3.823,-1.391,0.00026,3e-10
244.817,100102,167.911,98.023,2.865,-1.654,0.00021,3e-10
241.483,100813,164.846,103.165,1.629,-0.287,0.00015,0
242.594,101524,165.086,106.499,2.904,-1.676,0.00016,0
245.372,102371,184.927,96.114,1.302,-0.474,0.00021,0
250.928,102641,222.069,86.797,-3.235,1.177,0.00034,0
260.928,102574,218.848,109.321,-7.82,4.515,9e-04,0
263.706,102269,195.521,123.988,-9.64,5.566,0.0011,0
264.817,101795,222.532,120.62,-5.797,2.11,0.00112,0
262.594,101998,242.57,116.571,-1.781,1.494,0.00106,0
258.15,102066,228.646,111.013,-0.718,-0.856,0.00075,0
258.706,102608,222.881,130.48,-1.644,-1.379,0.00072,0
258.706,102032,194.191,136.607,-2.95,-0.52,0.00064,0
260.928,100914,190.557,146.354,-5.275,0,0.00077,0
262.594,101321,193.451,145.669,-4.285,-1.56,0.00088,0
260.928,100644,200.866,149.5,0,-4.068,0.00079,0
253.15,98815,167.524,156.681,0.737,-4.182,0.00044,0
250.928,98273,160.408,165.508,3.445,-1.254,0.00039,0
253.706,98984,184.207,151.791,7.267,-2.645,0.00054,0
252.039,99797,215.534,153.992,7.435,-2.706,0.00046,8.8e-09
249.261,100373,188.839,152.517,0,-2.995,0.00035,8.8e-09
253.891,99746,188.839,152.517,3.662,-1.333,0.00056,0
255.928,99797,215.506,155.908,-0.326,-1.849,0.00064,3e-10
257.039,99763,237.449,157.77,1.404,1.178,0.00077,0
255.372,99763,228.148,168.327,0.788,0.661,0.00068,0
260.372,99695,253.294,155.492,-0.201,-0.24,0.00104,0
260.372,99594,219.914,182.292,2.184,-0.795,0.00104,0
257.039,99966,232.317,161.347,4.336,0,0.00076,0
257.594,101016,243.541,174.294,8.654,-3.15,8e-04,3e-10
257.039,102235,242.17,189.899,5.943,-1.048,0.00074,3e-10
255.928,102845,223.758,195.519,-3.786,0.668,0.00067,3e-10
264.817,100847,233.285,148.576,-12.389,7.153,0.00158,7.64e-08
270.928,100474,262.809,165.41,-5.364,9.292,0.00297,3e-10
270.928,99120,254.545,167.321,-8.75,5.052,0.00291,2.94e-08
265.928,99153,281.008,168.73,5.083,1.85,0.00192,6.47e-08
261.483,101084,265.072,191.508,0.719,1.974,0.00116,2.9e-09
259.261,101490,236.841,189.594,-4.873,1.774,0.00093,2.9e-09
268.15,100136,237.128,199.679,-8.654,3.15,0.00203,3e-10
273.706,99763,254.628,195.578,-7.242,0,0.00295,0
274.817,100068,260.817,199.945,0,-3.353,0.0031,0
269.261,99966,254.492,214.953,1.034,1.233,0.0024,0
267.039,99797,262.357,203.238,3.655,-1.33,0.00205,2.9e-09
269.261,99695,268.862,200.748,-2.329,1.954,0.00246,2.9e-09
268.706,100068,281.605,238,-1.274,2.207,0.00236,3e-10
264.261,100847,279.462,184.375,3.39,-0.598,0.00158,2.9e-09
258.15,101795,221.523,233.224,-3.487,1.269,0.00084,3e-10
260.928,101693,207.929,259.307,-4.297,2.481,0.00098,0
264.817,100542,214.291,255.905,2.818,-0.497,0.00151,0
267.039,99966,258.597,232.1,3.174,0,0.00198,0
268.706,100305,260.671,222.257,2.633,1.52,0.00231,2.9e-09
269.261,100847,282.048,219.739,7.057,-2.569,0.00243,3e-10
269.261,100914,274.966,219.07,6.795,0,0.00251,1.47e-08
269.169,101332,274.966,219.07,4.47,0,0.00241,0
269.261,101016,290.008,184.905,3.082,-0.543,0.00248,3e-10
269.261,101896,291.257,196.798,1.185,2.052,0.00241,0
269.261,103014,289.342,171.768,3.918,0.691,0.0023,3e-10
269.817,103657,290.104,182.766,5.209,-1.896,0.00248,3e-10
268.706,103624,267.367,248.757,4.314,-0.761,0.00216,0
267.594,103556,257.252,252.056,3.742,-0.66,0.00198,0
266.483,103082,290.745,225.09,2.207,1.274,0.00189,0
270.928,102134,291.365,165.714,2.671,-1.542,0.00289,1.47e-08
270.928,101422,290.735,194.588,2.994,-0.528,0.00294,0
270.372,100847,280.362,258.768,1.322,-1.575,0.00255,0
273.706,100237,284.719,182.047,-3.562,-2.056,0.00289,3e-10
278.706,100237,293.658,245.36,-1.315,-3.613,0.00459,3e-10
272.594,100677,281.078,236.048,2.641,0.466,0.00323,2.9e-09
272.594,101185,288.873,249.926,1.301,-1.092,0.00332,0
278.706,100711,279.779,231.156,-3.04,0,0.00417,0
272.594,100914,300.706,240.924,3.698,-0.652,0.00347,0
273.706,101253,299.949,235.557,2.647,-0.963,0.00362,0
274.261,101016,294.859,205.883,2.862,0.505,0.00373,0
272.594,101084,307.141,205.875,4.182,0.737,0.00329,0
272.594,101185,301.153,198.593,5.591,0.986,0.00325,0
271.483,101592,300.041,260.813,3.918,0.691,0.00308,3e-10
270.372,101253,294.22,251.084,5.588,0,0.00275,3e-10
270.928,101016,287.613,255.252,4.705,-1.712,0.0028,3e-10
272.039,101219,290.201,236.467,5.019,-0.885,0.00306,0
273.706,101693,299.252,249.654,1.497,-0.264,0.00336,0
280.928,101524,294.462,253.171,0.977,-1.164,0.00423,0
277.039,101795,311.327,250.342,2.52,-0.917,0.00417,0
275.372,101693,270.524,312.283,3.865,-1.407,0.00379,0
275.372,101626,260.054,323.763,2.369,0,0.00375,0
276.483,101185,255.588,314.457,3.654,0.644,0.00408,0
275.928,100610,278.477,298.446,8.528,-3.104,0.0039,0
274.909,100632,278.477,298.446,5.369,-1.439,0.00369,0
275.928,100034,281.019,207.099,5.575,-3.219,0.00397,3e-10
273.15,100102,303.44,156.176,4.453,-1.621,0.00328,3e-10
272.594,100237,276.597,244.022,6.595,-2.4,0.00324,0
273.706,100914,262.066,324.704,6.912,-1.219,0.00331,0
275.372,101016,281.436,248.022,2.861,0,0.00391,0
278.706,101693,315.083,179.606,0.657,1.806,0.00491,8.8e-09
275.372,101896,294.79,248.645,4.426,0,0.00379,0
275.928,101693,311.976,249.157,4.138,-0.73,0.00399,0
277.594,101422,273.069,301.07,3.174,0,0.00419,0
278.15,101084,278.75,318.308,2.981,-1.721,0.00448,0
278.706,100644,309.296,262.367,4.369,-1.59,0.00457,3e-10
277.594,100305,303.196,260.197,3.214,0.567,0.0044,0
280.928,100914,307.865,240.661,2.994,-0.528,0.00531,0
285.928,100644,329.688,167.526,-3.19,3.801,0.00607,3e-10
284.261,100508,312.733,262.172,-2.727,4.723,0.00661,2.06e-08
283.15,100508,310.563,265.897,-3.39,2.845,0.0052,3e-10
283.706,100914,307.908,263.661,-1.911,5.251,0.00586,2.65e-08
284.817,101422,297.656,287.649,0,3.174,0.00662,3e-10
283.15,101287,305.489,285.867,2.439,-1.408,0.0067,1.47e-08
285.372,101795,298.378,272.287,-0.396,2.245,0.0064,0
287.594,101863,304.28,247.193,4.065,-2.347,0.00679,0
286.483,101084,288.084,263.07,3.346,-0.59,0.00771,0
286.483,100677,286.042,278.379,4.243,1.544,0.00697,0
285.928,100644,288.066,311.502,5.239,-0.924,0.00663,0
284.261,100576,285.606,330.34,4.104,-2.369,0.00652,0
281.483,100508,310.808,247.109,4.789,1.743,0.00596,3e-10
283.15,100576,284.982,294.831,5.019,0.885,0.00643,0
283.706,100745,275.396,294.304,3.83,0.675,0.00635,0
288.706,100406,297.223,305.79,3.446,-1.989,0.00718,0
285.928,100576,294.369,315.554,5.987,-1.056,0.00691,0
283.243,100621,294.369,315.554,5.488,-0.968,0.00618,0
282.039,100677,314.432,261.842,7.044,-1.242,0.00632,0
279.817,100677,326.208,178.412,4.694,0,0.00561,5.9e-09
279.261,100644,345.031,152.901,7.528,-1.327,0.00496,0
283.15,100406,328.35,218.296,4.447,-0.784,0.00629,0
282.594,100406,314.604,236.395,3.329,-1.922,0.00613,3e-10
287.039,101355,336.954,212.043,-2.773,1.009,0.00758,0
285.928,101896,327.218,215.534,4.327,-1.575,0.00654,0
286.483,101727,302.594,279.919,5.033,-2.906,0.00661,0
289.817,100847,286.507,315.122,3.361,-1.223,0.00792,0
287.039,99865,310.269,273.446,7.44,-1.312,0.0081,2.9e-09
280.928,100339,336.561,199.714,9.025,-1.591,0.00594,2.94e-08
279.261,100982,317.385,216.375,7.561,-2.752,0.00491,0
280.372,101084,303.054,238.045,5.671,-2.064,0.00511,0
278.706,101287,326.206,154.347,7.792,-1.374,0.00488,2.65e-08
282.039,101659,316.67,206.873,4.579,-0.807,0.00512,0
282.594,100914,315.01,170.466,3.129,5.42,0.00632,1.793e-07
281.483,100745,343.111,72.825,2.988,3.562,0.00649,1.617e-07
280.372,100914,334.856,131.532,2.73,3.253,0.00575,4.12e-08
280.928,101118,324.62,183.904,1.473,1.236,0.0059,0
284.261,101253,318.08,199.856,0.994,2.731,0.0068,3e-10
284.817,101050,336.956,146.782,1.918,1.609,0.00742,1.47e-08
280.928,100271,326.447,91.726,4.336,7.511,0.00568,1.323e-07
281.483,100305,316.305,136.246,2.773,-1.009,0.00548,1.47e-08
284.817,100813,303.117,214.672,1.897,2.26,0.0064,0
287.039,101016,305.496,252.279,-3.361,1.223,0.008,2.06e-08
285.928,101084,324.119,205.961,-2.431,2.04,0.0078,3e-10
287.039,100982,332.532,162.719,-0.761,4.314,0.0079,3e-10
285.928,100982,317.993,229.217,-2.4,1.386,0.00744,3e-10
286.483,101084,332.733,172.045,1.722,-0.627,0.00819,0
287.594,101287,333.679,193.986,1.587,-0.916,0.00817,0
289.261,101016,312.585,259.344,1.695,2.02,0.00902,0
288.798,101394,312.585,259.344,2.283,1.598,0.00859,0
290.372,101185,317.544,226.514,0.887,2.436,0.00917,0
289.817,101795,326.471,209.885,3.247,3.87,0.00904,0
289.261,101998,326.143,200.04,2.604,0.948,0.0079,3e-10
289.261,101118,344.081,184.333,3.991,-1.453,0.00866,3e-10
288.706,100305,350.333,171.445,2.911,-2.442,0.00809,0
288.15,99797,343.609,158.189,4.065,-2.347,0.00795,0
285.372,99966,330.179,159.149,6.259,-2.278,0.00824,3e-10
287.039,100068,341.525,162.875,-5.041,1.835,0.00778,0
288.15,99594,334.294,152.685,-6.527,0,0.00884,6.17e-08
287.594,1e+05,340.462,152.439,-4.327,1.575,0.00891,1.18e-08
287.039,100644,331.377,162.916,-0.559,3.17,0.00864,6.76e-08
286.483,101524,347.314,119.685,3.151,2.644,0.00787,2.65e-08
286.483,101998,336.462,125.888,-1.407,3.865,0.00764,5.9e-09
287.594,101355,321.858,140.345,-7.898,2.874,0.00775,3e-10
288.15,100305,350.391,111.444,-8.654,3.15,0.00845,1.18e-08
284.817,100474,333.326,113.355,-1.312,7.44,0.00677,1.47e-08
283.706,100034,338.01,74.552,8.233,-1.452,0.00728,8.82e-08
282.594,100745,330.899,62.916,8.287,-6.954,0.00678,3.822e-07
282.039,101558,326.165,81.708,3.253,-2.73,0.00605,2.9e-09
283.706,101558,333.979,109.004,3.302,-0.582,0.00662,0
283.706,101185,333.055,118.27,3.038,-0.536,0.00656,0
283.15,101355,324.166,135.4,4.327,-1.575,0.00654,0
284.817,102066,314.1,176.497,5.11,-2.95,0.00692,0
283.15,102201,331.918,127.602,3.014,-2.529,0.00671,0
284.261,101558,330.559,94.076,-1.009,2.773,0.00703,0
287.594,100745,327.465,116.084,-4.878,2.816,0.0077,0
287.039,100508,334.721,135.053,-4.369,1.59,0.00664,0
285.372,100677,339.838,100.993,3.566,-0.629,0.00818,1.47e-08
284.261,101084,329.395,113.562,4.999,-1.819,0.00682,1.18e-08
283.706,101050,325.464,110.639,3.835,-3.218,0.00681,0
282.594,101016,320.534,136.673,4.957,-1.804,0.00587,0
283.428,100886,320.534,136.673,-3.835,3.218,0.00661,0
283.15,100847,313.773,104.94,-1.269,3.487,0.00619,1.18e-08
283.706,100677,331.216,67.847,-1.728,4.747,0.00683,2.65e-08
283.15,100644,331.265,91.024,-4.349,3.649,0.0072,1.76e-08
284.261,100203,331.045,88.803,-6.956,1.227,0.00763,5.88e-08
285.928,100373,339.198,82.378,-3.434,0.605,0.00833,5.59e-08
285.928,101084,345.025,76.251,-4.589,3.851,0.00808,3e-10
285.928,100034,336.219,80.095,-7.771,2.829,0.00798,8.23e-08
285.372,100576,314.112,127.972,-5.671,2.064,0.0072,2.9e-09
284.261,101456,295.915,148.935,1.549,0.894,0.0072,0
284.817,101524,300.421,118.248,-1.507,1.264,0.00747,0
284.817,101795,338.06,79.854,2.74,2.299,0.00711,3e-10
284.817,102066,329.631,91.379,-2.902,3.459,0.00709,0
286.483,101896,310.451,112.243,-4.52,3.793,0.00746,0
283.706,102100,328.302,96.342,0,3.621,0.00642,0
284.261,102167,337.094,58.458,2.362,-1.363,0.0065,2.9e-09
283.706,102337,325.253,49.279,1.47,0.535,0.00641,3e-10
283.706,102303,327.212,79.709,-1.092,-0.398,0.00657,0
284.261,102235,310.053,106.086,-2.774,2.328,0.00666,0
284.817,101626,290.218,113.456,-5.943,1.048,0.00575,0
284.261,101084,273.235,113.202,-6.868,1.211,0.00524,0
283.15,100914,270.901,118.277,-5.946,0,0.00487,0
280.928,100914,268.877,115.278,-7.792,1.374,0.0036,0
278.15,101016,259.524,115.015,-6.031,1.063,0.00291,0
277.594,100847,278.076,97.433,0,-4.157,0.00359,0
275.372,100677,304.54,65.057,0,-9.03,0.0028,0
274.261,101253,304.183,59.722,4.607,-2.66,0.00311,3e-10
273.706,100644,295.643,63.466,1.296,-2.245,0.00296,0
273.706,100440,281.152,69.874,0.761,-4.314,0.00281,0
273.15,100610,291.985,58.59,2.157,-1.81,0.00292,5.9e-09
272.039,100610,274.609,69.96,0.582,-3.302,0.00263,0
274.354,100057,274.609,69.96,1.902,4.079,0.00321,0
273.706,99865,279.181,54.465,0,-5.141,0.00267,0
275.928,99018,290.868,38.643,-5.635,-0.994,0.00401,4.7e-08
277.594,99797,316.55,33.426,-5.251,1.911,0.00453,3e-10
275.372,99865,306.161,57.118,-1.609,-1.918,0.00377,0
275.372,99865,274.202,58.606,-2.604,-0.948,0.00355,0
274.817,100203,292.323,41.994,-1.815,-1.523,0.00331,0
272.039,100474,289.826,54.901,-1.319,-2.284,0.00249,0
270.372,100576,278.166,44.333,-3.067,1.116,0.00229,0
269.817,100406,292.936,41.858,-1.391,-3.823,0.00219,0
268.706,100576,276.965,39.045,-1.223,-3.361,0.00172,0
268.15,101185,284.342,29.735,-0.983,-1.703,0.00178,3e-10
270.928,101355,295.195,20.245,-4.212,3.534,0.00228,3e-10
271.483,101185,288.134,24.445,-7.141,2.599,0.00269,3e-10
270.372,101016,293.085,27.996,-7.813,2.844,0.00216,0
269.817,101084,294.964,28.305,-7.466,0,0.00223,0
269.261,100576,253.306,37.718,-6.527,0,0.00183,0
268.706,100203,238.17,44.284,-3.527,-2.96,0.0016,0
268.706,100034,236.73,41.93,-0.497,-2.818,0.00173,0
265.372,100508,253.145,33.092,-2.774,0.489,0.00151,0
266.483,100136,273.135,24.405,-3.962,0.699,0.00184,1.76e-08
268.706,99966,280.585,18.343,-5.209,1.896,0.00229,1.76e-08
272.594,100305,276.27,29.697,-9.245,1.63,0.00262,0
270.372,100034,252.718,25.583,-5.007,0,0.00206,0
267.594,100203,276.508,18.343,-4.799,0.846,0.00172,5.9e-09
265.372,100305,280.661,25.175,-1.316,-0.76,0.00155,0
265.928,100677,258.473,19.593,-3.02,1.743,0.00158,0
269.817,99797,283.928,8.543,-13.443,4.893,0.00243,1.18e-08
272.594,98205,279.209,13.966,-9.746,3.547,0.0035,2.65e-08
268.15,98307,261.195,19.224,-5.151,0.908,0.00232,0
264.261,98510,263.958,14.241,-2.245,-0.396,0.00158,3e-10
265.372,99153,269.266,12.415,-3.654,-0.644,0.00153,3e-10
264.631,99424,269.266,12.415,-3.822,-0.334,0.00152,0
262.039,99357,248.974,14.773,0,-4.336,0.00111,0
262.594,100474,248.72,12.521,-2.146,0,0.00115,3e-10
265.372,100745,260.104,10.456,-0.924,-5.239,0.00168,1.76e-08
267.039,98341,259.526,8.177,0,-5.186,0.00169,2.9e-09
268.15,98916,259.324,6.876,-4.27,-0.753,0.0022,2.06e-08
264.817,99763,265.448,8.485,-1.193,-3.277,0.00152,3e-10
260.928,100305,268.122,5.777,-1.644,-1.379,0.00106,0
262.039,100813,281.799,6.01,-0.856,-0.718,0.00121,3e-10
260.928,101185,278.467,8.623,-1.207,-1.438,0.00107,3e-10
255.928,101422,258.319,6.565,-1.986,-1.667,0.00067,0
255.928,100745,248.425,8.863,-1.507,-1.264,0.00065,0
257.039,100237,234.459,7.897,-0.719,-1.974,7e-04,0
260.372,100373,251.915,3.845,-1.278,-0.738,0.00098,3e-10
259.261,101558,251.345,4.374,-1.095,-1.897,0.00089,3e-10
257.039,103386,246.274,4.197,0,-3.8,6e-04,3e-10
263.15,104233,255.144,3.345,-5.308,4.454,0.00132,3e-10
270.372,102574,259.89,3.05,7.385,8.801,0.00266,4.12e-08
271.483,102438,274.552,2.255,5.377,4.511,0.00309,3.23e-08
271.483,101998,269.641,2.858,-3.398,5.885,0.00303,8.53e-08
273.15,101761,288.317,2.051,-7.588,4.381,0.00357,3.82e-08
273.706,101084,282.059,1.759,-10.628,3.868,0.00366,1.147e-07
273.15,100508,279.203,3.151,-3.639,2.101,0.00373,1.47e-08
268.706,100406,271.653,2.025,1.881,-5.167,0.00223,0
265.928,99086,266.516,2.155,2.436,-4.22,0.00152,0
265.928,99865,267.573,2.007,2.857,1.04,0.00166,3e-10
262.594,100677,258.766,2.056,2.421,0.427,0.00135,1.47e-08
261.483,101558,258.707,1.753,0,-0.44,0.00114,0
257.039,102371,249.9,1.538,-0.264,-1.497,0.00074,3e-10
254.261,102404,234.104,1.251,-5.167,1.881,0.00057,3e-10
255.928,101863,229.827,0.99,-8.276,3.012,0.00062,0
257.317,101609,229.827,0.99,-7.938,2.127,0.00074,0
255.928,101727,225.74,1.044,-7.572,1.335,0.00058,3e-10
259.261,101253,231.684,0.658,-11.799,2.08,0.00093,2.06e-08
261.483,100034,238.934,0.503,-13.814,0,0.00116,1.323e-07
259.261,100542,227.498,0.579,-3.346,-0.59,0.00085,3e-10
253.706,102472,202.385,0.636,-1.51,-0.872,0.00049,0
252.039,103319,205.635,0.453,-4.705,1.712,0.00044,0
253.706,102777,245.823,0.384,-2.245,1.296,5e-04,0
252.594,102371,257.359,0.224,-1.092,0.398,0.00047,3e-10
258.15,102404,261.747,0.225,0.342,-1.937,0.00079,3e-10
254.817,102134,234.688,0.219,1.3,-3.571,0.00058,0
251.483,102675,186.766,0.199,0,-2.369,0.00039,0
253.15,101795,212.666,0.104,-6.814,3.934,0.00051,1.18e-08
256.483,100881,246.318,0.13,0,-5.186,0.00068,8.8e-09
252.039,102269,170.819,0.108,0,-3.085,0.00038,0
250.928,103285,177.944,0.087,-1.565,0,0.00039,0
252.594,103386,222.729,0.044,-8.318,3.027,0.00044,0
257.039,102675,240.355,0.034,-10.027,5.789,7e-04,5.9e-09
258.706,101964,240.664,0.031,-12.14,4.419,9e-04,2.65e-08
259.817,99966,249.032,0.036,-13.275,4.832,0.00106,1.294e-07
260.928,101185,221.851,0.028,2.813,-7.729,0.00106,1.18e-08
257.039,102100,196.517,0.053,2.615,-7.183,0.00063,0
253.15,103522,185.165,0.047,1.269,-3.487,0.00041,0
253.706,102811,226.604,0.04,-12.056,4.388,0.00047,2.06e-08
253.706,102134,210.416,0.047,-2.597,-0.458,0.00046,0
252.039,101896,167.423,0.069,-3.151,-2.644,0.00036,0
249.261,101626,151.268,0.079,-1.207,-1.438,0.00029,0
247.039,101456,159.553,0.093,0,-0.22,0.00024,0
243.706,101355,156.666,0.114,-1.199,-1.006,0.00017,0
245.372,100982,151.236,0.134,-0.194,-0.112,0.00021,3e-10
251.483,100102,187.244,0.126,-0.979,-2.689,0.00039,2.9e-09
254.817,99695,196.467,0.171,-1.56,-4.285,0.00059,1.47e-08
257.872,99611,196.467,0.171,-4.938,0.871,0.00081,0
257.594,99323,195.461,0.139,-7.019,0,0.00082,4.12e-08
268.706,98578,233.511,0.258,-10.124,3.685,0.00237,9.41e-08
269.261,98984,206.29,0.304,-4.026,2.325,0.00251,1.18e-08
269.261,98679,234.992,0.309,0,-3.308,0.00251,1.18e-08
264.817,99357,244.091,0.321,6.031,1.063,0.00168,4.7e-08
255.372,101626,215.447,0.518,4.579,0.807,0.00065,2.9e-09
261.483,102337,233.346,0.409,-9.914,3.608,0.00114,5.9e-09
268.706,102574,248.896,0.519,-11.846,4.312,0.00231,2.35e-08
270.372,103725,262.587,0.974,-3.621,6.272,0.00263,2.65e-08
265.372,104436,229.365,1.212,-2.28,0,0.00172,0
264.817,104538,235.274,1.488,-4.201,1.529,0.00147,0
261.483,104436,221.839,1.522,-1.278,-0.738,0.00111,0
257.039,103894,221.099,1.872,-1.027,0.862,0.00075,0
255.928,103657,209.429,2.47,-2.509,0.442,6e-04,0
252.594,102675,198.522,2.574,-0.84,0.306,0.00045,0
250.928,101490,198.116,3.072,-0.205,-0.172,0.00041,0
254.261,101558,213.447,3.377,0,-4.426,5e-04,0
248.706,102777,160.568,4.182,0,-2.682,0.00025,0
244.261,101795,164.795,4.755,-0.272,-1.541,0.00019,0
243.15,101287,153.836,5.106,-0.459,-1.26,0.00017,0
241.483,100677,156.26,5.503,0.42,-0.153,0.00015,0
242.039,100745,153.595,5.139,2.294,-1.925,0.00015,0
236.483,101050,140.087,7.291,-1.084,-0.626,0.00011,0
244.261,99594,165.064,4.479,-0.805,-1.394,0.00018,1.18e-08
257.039,99086,213.456,4.005,-0.652,-3.698,0.00079,3.82e-08
258.706,99797,234.785,4.042,-2.808,2.356,0.00088,2.9e-09
256.483,101524,221.913,4.044,-3.532,0,0.00073,3e-10
265.372,101355,232.118,4.141,-12.767,2.251,0.00153,0
267.039,100847,254.059,5.106,-11.305,6.527,0.00196,1.76e-08
268.15,100576,262.907,5.049,-10.801,6.236,0.00217,1.18e-08
266.483,100203,259.435,6.811,-7.519,2.737,0.00165,3e-10
263.335,100531,259.435,6.811,-6.084,2.837,0.00138,0
264.261,99594,233.924,8.934,3.487,-1.269,0.00152,2.9e-09
260.372,100677,245.348,8.055,2.352,-0.856,0.00109,5.9e-09
253.706,101287,225.97,7.833,-0.465,-0.268,0.00056,0
254.817,102235,218.201,8.94,-5.42,3.129,0.00062,3e-10
257.594,102337,222.953,8.074,-6.659,3.845,0.00074,0
262.039,102235,214.068,14.278,-3.126,0.551,0.00093,0
264.261,101998,230.142,12.41,-10.376,3.777,0.00114,1.47e-08
272.594,101016,247.791,9.682,-5.461,1.988,0.00227,4.41e-08
265.372,100576,225.043,11.344,4.281,-3.592,0.00161,6.76e-08
251.483,102235,169.974,16.716,6.541,-5.488,0.00042,3e-10
242.594,101693,151.147,23.59,2.26,-1.897,0.00016,0
242.594,100847,174.97,19.423,1.301,-1.092,0.00017,0
249.261,101693,181.162,24.251,8.091,-4.672,0.00033,3e-10
247.594,102675,185.345,27.597,-4.878,2.816,0.00029,3e-10
252.594,101118,222.244,13.869,-11.227,6.482,0.00049,2.65e-08
257.594,101287,226.331,23.869,-10.066,5.812,0.00082,2.94e-08
263.15,99865,249.622,23.399,-13.443,4.893,0.00143,4.028e-07
262.039,1e+05,231.178,21.202,4.761,8.246,0.00126,1.76e-08
252.594,101253,172.45,30.691,-7.057,2.569,0.00047,2.9e-09
258.15,99526,218.932,28.507,-13.695,4.984,9e-04,1.47e-07
252.594,102235,215.383,35.584,5.899,1.04,0.00048,3e-10
253.15,103793,215.198,26.823,-10.337,5.968,0.00051,3.23e-08
267.039,101896,246.976,14.356,-4.893,13.443,0.00212,2.058e-07
269.261,100644,276.67,20.103,11.027,9.253,0.00252,5.88e-08
259.261,102303,243.115,32.096,9.369,5.409,0.00088,2.06e-08
252.039,104843,189.72,46.892,3.6,-2.079,0.00046,0
251.483,104402,226.184,43.283,-3.639,2.101,0.00042,0
252.594,103657,227.81,30.688,-3.871,2.235,0.00046,0
254.909,103494,227.81,30.688,-4.349,2.511,0.00058,0
257.594,103014,221.171,48.129,-8.014,4.627,0.00072,0
259.261,102506,268.644,47.166,-2.633,1.52,0.00089,2.9e-09
256.483,102540,221.312,55.019,-4.336,2.503,0.00066,0
255.928,102946,198.727,70.772,-3.425,2.874,0.00058,0
254.817,102472,188.58,77.061,-1.541,-1.293,0.00049,0
255.928,102472,189.204,84.979,-1.781,-1.028,0.00055,0
255.928,102134,198.306,85.855,-0.697,-0.402,0.00058,0
258.15,102167,203.321,88.961,-1.471,-0.849,0.00079,0
260.928,102100,199.306,91.318,-6.34,1.118,0.00086,0
258.706,101795,193.707,94.014,-4.243,1.544,0.00072,0
255.928,101626,199.76,97.494,-1.404,-1.178,0.00061,0
253.15,101355,191.917,97.464,-0.514,-0.431,0.00049,0
253.706,101422,196.577,107.942,-1.61,-1.351,0.00049,0
254.817,101084,187.158,107.002,-1.815,-1.523,5e-04,0
253.15,100745,186.889,112.62,0.367,-1.008,0.00046,0
257.594,100847,172.84,118.218,0,-3.085,0.00069,0
253.15,101964,172.855,121.552,-3.823,1.391,0.00048,0
259.261,101321,200.169,112.826,-9.074,3.303,0.00078,0
264.261,101185,241.122,101.079,-9.485,5.476,0.00138,1.18e-08
268.15,99966,260.958,77.047,-11.174,4.067,0.0019,3e-10
270.928,99086,269.068,90.07,-4.465,12.266,0.00272,3e-10
269.817,99526,266.44,95.193,-2.57,4.452,0.00267,3e-10
268.15,100237,264.297,104.736,-3.151,2.644,0.00228,3e-10
266.483,100305,263.584,99.865,-2.845,3.39,0.00193,8.8e-09
260.372,100745,252.439,109.416,1.82,1.051,0.00104,3e-10
255.928,100982,223.306,128.982,-0.168,0,0.00066,3e-10
254.261,100881,211.83,138.93,-2.906,0.512,0.00058,0
254.261,101084,237.649,143.259,0.348,-0.201,6e-04,3e-10
253.706,100068,219.49,153.143,3.403,-1.238,0.00055,3e-10
252.594,100034,178.763,169.284,4.999,-1.819,0.00049,3e-10
253.15,100982,189.421,182.493,-4.159,1.514,5e-04,0
255.465,100570,189.421,182.493,-4.133,1.927,0.00061,0
256.483,101355,212.941,155.546,-5.614,3.241,0.00066,3e-10
257.594,100914,221.826,157.841,-0.559,-3.17,0.00074,3e-10
259.261,100068,201.501,152.319,0,-4.292,0.00081,0
257.039,99357,204.985,150.109,3.487,1.269,0.00078,2.06e-08
256.483,100474,183.522,182.297,1.407,-3.865,0.00064,3e-10
254.817,101355,165.64,198.245,-3.566,-0.629,0.00049,0
262.594,98544,219.584,157.023,-14.22,-2.507,0.00136,1.147e-07
269.261,99018,251.673,161.307,-7.308,1.289,0.00237,1.76e-08
265.928,99865,226.424,174.022,-0.887,-2.436,0.00166,1.47e-08
263.15,100406,208.74,192.497,-3.151,-1.147,0.00137,2.06e-08
258.15,101287,201.24,208.701,3.532,0,0.00085,8.8e-09
255.928,102404,191.389,227.684,6.889,-2.508,0.00066,0
254.261,102743,185.131,225.314,1.764,-0.642,0.00057,0
255.372,102946,198.081,237.267,-0.603,0.719,0.00061,0
260.372,103217,218.164,219.801,-1.267,-1.063,0.00087,0
264.817,102912,239.421,223.478,-0.179,-1.013,0.0014,0
263.706,102980,243.405,217.767,1.096,0.92,0.00145,0
263.15,102641,230.934,230.261,3.067,-1.116,0.00139,0
262.594,102201,269.942,204.44,1.365,-0.241,0.00124,0
263.15,101626,235.754,225.852,-0.272,-1.541,0.00123,0
262.594,100982,219.5,250.562,-1.386,0,0.00113,0
262.039,100576,195.294,256.126,-4.711,-0.831,0.00103,0
271.483,100034,246.572,209.17,-8.365,1.475,0.00249,0
272.039,100136,273.125,215.046,-4.068,0,0.00268,0
268.15,100136,251.116,242.388,0.89,-0.514,0.00213,0
264.817,100508,228.349,250.86,-0.852,0.492,0.00161,0
268.706,101389,270.776,235.852,-1.336,1.121,0.00228,0
272.594,101490,257.77,259.139,-2.95,0.52,0.00288,0
274.817,101355,273.448,239.456,-3.02,1.743,0.00353,3e-10
274.817,101389,289.295,227.235,-1.432,0.827,0.00391,3e-10
271.206,101383,289.295,227.235,3.956,0.346,0.00273,0
272.039,101626,298.837,183.473,2.016,0.734,0.00305,3e-10
268.15,101185,297.132,173.083,6.208,-1.095,0.00213,3e-10
264.817,101253,273.355,224.023,6.805,-2.477,0.00152,0
264.261,101524,265.151,240.115,2.1,-0.764,0.00146,3e-10
263.706,101084,243.841,278.685,1.2,-0.693,0.00151,3e-10
266.483,100982,255.489,253.708,6.582,-3.8,0.00185,3e-10
264.261,101524,253.82,269.906,5.691,-3.286,0.00146,0
265.928,101558,242.515,274.584,3.523,-2.034,0.00175,0
267.039,101727,257.401,274.407,4.515,0,0.00199,3e-10
267.594,102235,270.706,231.04,4.452,-3.736,0.00199,3e-10
266.483,102946,266.125,218.689,-3.097,1.788,0.00171,0
272.039,102946,288.278,249.208,-7.435,2.706,0.00233,0
275.372,102066,272.802,259.518,-7.015,2.553,0.00298,0
277.039,100948,288.994,248.927,-8.014,4.627,0.0034,0
276.483,100203,292.145,260.627,-4.358,0.769,0.00358,0
273.706,99932,282.283,230.485,0.805,1.394,0.00354,0
276.483,100373,304.957,175.409,-0.657,-1.806,0.00367,3e-10
278.15,100508,297.229,210.419,-1.52,2.633,0.00407,0
279.261,100847,288.366,256.251,-2.774,0.489,0.00415,0
279.261,100576,294.368,244.98,-1.238,3.403,0.00457,3e-10
280.372,101490,286.492,279.977,-3.562,2.988,0.00433,0
280.372,101016,294.756,260.226,-1.475,2.555,0.00409,2.9e-09
280.372,101355,301.208,237.297,-4.243,1.544,0.00477,3e-10
284.261,101321,313.512,241.124,-3.733,3.132,0.00515,0
284.261,100576,313.25,287.827,-3.522,0.621,0.00527,3e-10
275.372,100847,314.392,244.147,2.857,1.04,0.00423,1.18e-08
273.706,101524,305.763,265.443,4.159,-1.514,0.00357,0
274.261,101355,300.08,281.482,5.461,-1.988,0.00368,0
273.15,101626,316.355,237.055,6.824,-1.203,0.00357,0
275.372,101998,304.424,225.902,2.682,0,0.00391,8.8e-09
282.039,100948,291.128,273.7,-3.126,-0.551,0.00473,0
279.169,101044,291.128,273.7,3.852,2.224,0.0046,0
281.483,100474,334.468,193.678,-2.774,-0.489,0.00492,3e-10
279.261,101016,324.714,196.078,-2.995,0,0.00538,4.7e-08
283.706,100203,323.595,212.565,-8.091,0,0.00486,3e-10
283.15,100644,328.407,217.889,-2.011,2.397,0.00535,3e-10
281.483,101693,314.383,247.938,2.439,-1.408,0.0052,0
277.594,102235,302.191,211.994,2.123,1.782,0.00473,3e-10
280.372,101558,305.178,211.649,1.954,-2.329,0.00508,0
278.15,101151,320.271,214.244,1.58,1.883,0.00486,3e-10
279.817,101253,319.432,182.051,1.815,1.523,0.00564,1.029e-07
282.039,101084,303.852,211.992,2.826,-1.632,0.00572,0
284.261,100610,304.641,238.515,2.28,0,0.00668,0
284.261,100034,284.103,297.046,4.739,0,0.00655,0
280.928,99797,282.907,274.454,4.537,1.651,0.00477,0
277.039,100576,295.092,221.978,4.358,0.769,0.00417,0
282.594,101253,297.58,227.587,0,3.8,0.00519,3e-10
283.706,101558,282.975,281.447,2.245,1.296,0.0055,0
284.817,101219,286.416,277.595,3.175,-1.833,0.00586,0
285.928,101321,271.093,336.191,3.136,-1.811,0.00547,0
288.15,101287,297.375,285.256,3.562,-2.056,0.00633,0
292.039,101016,299.595,287.982,2.284,-1.319,0.00815,0
288.706,100847,297.743,267.506,-2.904,1.676,0.00883,1.18e-08
285.928,101084,332.858,196.816,4.418,-3.707,0.00743,2.06e-08
283.706,101118,332.242,120.439,4.607,-2.66,0.00656,8.82e-08
284.261,101626,312.042,201.889,2.509,-0.442,0.00579,0
289.261,101185,297.761,289.393,-0.629,-3.566,0.00704,0
289.817,100677,336.917,222.577,0,4.828,0.00866,1.18e-08
289.261,100136,331.582,229.243,-2.945,2.471,0.00793,8.8e-09
289.817,99594,342.306,185.714,3.109,-1.131,0.00973,2.65e-08
287.594,99187,328.147,229.904,6.692,-1.18,0.00824,0
284.261,99357,299.32,261.16,-3.697,-1.345,0.00466,3e-10
283.983,99752,299.32,261.16,-1.446,5.398,0.00618,0
282.039,99932,316.881,162.348,6.62,-3.822,0.00565,3e-10
280.928,1e+05,314.865,109.727,-1.04,5.899,0.00543,1.294e-07
279.261,100440,310.076,181.207,4.486,-3.764,0.00452,0
280.928,100542,305.91,235.008,4.955,-2.861,0.00527,2.9e-09
283.15,100745,322.469,149.324,-2.278,6.259,0.00658,8.53e-08
287.594,101253,333.624,173.471,-1.728,4.747,0.00694,0
288.706,101185,335.323,195.179,-1.782,2.123,0.00846,7.94e-08
289.261,101118,328.841,253.149,-1.883,1.58,0.00889,1.76e-08
289.817,100881,323.659,256.13,3.129,0,0.00852,3e-10
288.15,101185,341.533,187.829,2.95,0.52,0.00859,8.8e-09
288.706,100745,336.554,170.815,-5.461,1.988,0.00861,6.17e-08
283.706,100745,340.897,147.605,5.068,4.253,0.00611,2.06e-08
284.261,100914,327.514,152.416,-3.71,6.427,0.00666,1.47e-08
284.817,100745,331.655,140.542,-3.247,3.87,0.00718,4.7e-08
284.817,100305,322.637,156.526,-0.497,2.818,0.0067,4.7e-08
282.594,100474,315.386,176.166,-3.252,1.878,0.00561,3.53e-08
284.261,100474,307.765,223.372,-3.988,2.302,0.00644,5.9e-09
285.372,100508,307.745,243.823,0,-3.8,0.00684,0
285.372,100847,307.17,198.542,-3.398,5.885,0.00727,1.76e-08
284.261,100982,337.909,96.583,1.753,2.089,0.00691,2.94e-08
285.928,101084,317.523,229.263,1.404,-1.178,0.00734,0
287.594,101016,314.278,232.566,1.781,-1.028,0.00788,3e-10
289.261,99932,349.648,140.65,-5.327,0.939,0.0097,5e-08
289.261,99899,358.081,163.835,-3.442,0,0.01006,5.9e-09
287.039,100305,346.846,167.202,4.799,0.846,0.00907,2.9e-09
285.928,100576,333.354,169.011,4.159,-1.514,0.00803,0
284.261,100881,314.749,206.504,5.923,-2.156,0.00733,0
285.928,100745,315.818,206.099,3.39,2.845,0.00774,1.058e-07
283.15,100610,335.468,103.431,3.219,2.701,0.00682,4.12e-08
283.706,100644,334.009,146.376,6.469,-2.355,0.00635,0
281.483,100474,338.554,130.634,3.991,-1.453,0.00561,3e-10
282.502,100243,338.554,130.634,4.161,3.491,0.00584,0
281.483,100237,312.877,145.61,4.957,-1.804,0.00521,0
281.483,100034,320.29,150.288,2.839,-4.917,0.00515,0
283.706,99458,320.941,110.972,-5.923,2.156,0.00603,0
284.261,99086,342.365,79.553,-3.241,5.614,0.00729,1.117e-07
281.483,100034,317.189,128.605,3.649,4.349,0.00564,3.53e-08
282.594,100677,322.571,126.392,1.361,3.739,0.00545,2.65e-08
282.594,100779,313.708,148.18,1.408,2.439,0.00581,4.41e-08
283.706,100914,326.352,123.871,-4.167,4.966,0.00674,2.35e-08
283.15,101456,331.969,118.419,-3.434,0.605,0.0063,0
283.15,102100,329.219,135.32,0,2.638,0.00619,0
283.706,101930,329.255,113.657,-5.822,4.885,0.00667,2.06e-08
283.15,101185,337.313,117.994,-6.438,5.402,0.00717,1.088e-07
281.483,101321,328.28,101.832,6.296,-1.11,0.00618,8.8e-09
285.928,101253,322.044,163.022,2.942,-1.699,0.00751,0
284.261,101321,306.821,211.709,2.207,-1.274,0.00597,0
283.706,101185,297.083,207.723,1.229,2.129,0.00656,0
284.261,101287,329.036,173.065,1.781,-1.494,0.00689,0
287.594,101050,307.736,202.483,-1.185,-2.052,0.00757,0
288.15,1e+05,298.807,215.018,-4.491,-0.792,0.00685,0
285.928,98781,304.938,177.405,5.807,-3.353,0.00713,0
281.483,98713,336.776,110.251,7.007,-4.046,0.00557,3e-10
282.594,98984,311.848,122.701,-4.358,0.769,0.00637,2.06e-08
282.039,99357,325.8,78.949,-1.147,-3.151,0.00626,7.06e-08
282.039,99865,301.894,98.118,-6.595,2.4,0.0055,3e-10
283.706,100373,319.277,114.575,-0.769,4.358,0.00637,2.9e-09
284.817,100677,305.755,120.366,-1.092,0.398,0.0071,3e-10
284.261,100779,315.407,114.505,3.446,-1.989,0.007,8.8e-09
283.15,101287,297.002,150.019,3.801,-3.19,0.00539,0
284.817,100914,293.62,142.205,-0.994,2.731,0.00648,4.7e-08
284.261,100745,331.135,109.421,3.87,3.247,0.00676,1.47e-08
283.706,100644,334.647,93.939,-2.941,1.07,0.007,7.35e-08
282.965,100711,334.647,93.939,3.375,-1.948,0.00598,0
283.706,101185,334.111,114.472,2.672,-3.185,0.00616,0
280.928,100914,326.595,92.131,4.281,-3.592,0.00492,0
280.372,99865,308.219,111.644,2.207,-1.274,0.00485,0
280.928,99424,304.202,119.168,1.742,-1.006,0.0056,0
283.706,99492,299.819,135.633,0,-4.157,0.0057,0
281.483,99255,274.345,143.856,0,-7.6,0.00422,0
279.261,100474,264.654,140.946,1.576,-8.937,0.00387,0
278.706,101253,266.489,141.818,1.358,-7.704,0.00403,0
279.817,100610,295.017,80.14,0,6.884,0.00481,4.12e-08
283.15,100508,322.715,76.351,1.835,5.041,0.00628,2.9e-09
282.594,101321,323.434,86.133,-1.258,7.132,0.00578,0
283.706,100881,294.259,126.919,-7.435,2.706,0.00562,0
285.372,1e+05,320.679,90.364,-4.292,0,0.00607,3e-10
285.372,99865,313.681,112.098,-2.874,3.425,0.00662,3e-10
283.15,100034,295.388,101.842,-2.207,1.274,0.00663,3.53e-08
282.039,100136,304.67,92.952,2.52,-0.917,0.0065,0
280.928,99899,312.02,85.273,-3.193,-1.162,0.00483,3e-10
279.261,99594,304.597,81.826,-4.402,-0.776,0.00462,1.18e-08
281.483,99526,322.23,63.974,-4.917,-2.839,0.00574,8.8e-09
279.817,98544,272.217,106.792,-5.769,-3.33,0.00398,3e-10
280.928,98307,286.791,93.026,-1.565,-2.71,0.00512,5.9e-09
279.261,99086,288.792,84.605,-2.641,-0.466,0.00446,0
280.372,99695,318.742,64.069,-4.157,0,0.00498,3.23e-08
278.706,100034,322.895,56.941,-5.335,1.942,0.00402,2.9e-09
277.039,100237,291.396,83.276,-1.336,-1.121,0.00383,0
276.483,100237,269.267,86.982,-3.058,1.766,0.00392,0
275.928,100508,298.686,63.429,-2.509,-0.442,0.00329,2.9e-09
275.928,100982,292.25,65.742,2.414,0,0.00384,3e-10
274.817,100508,295.983,57.877,-0.872,-1.51,0.00364,3e-10
274.817,100406,289.878,71.211,3.563,-4.246,0.00292,0
274.446,100440,289.878,71.211,-2.532,1.181,0.00322,0
274.261,100813,281.918,64.318,1.952,-1.638,0.0032,0
273.15,100136,272.484,74.877,-0.902,-2.478,0.00294,0
273.706,99797,263.611,71.69,1.626,-0.939,0.00283,0
273.706,100203,284.196,56.999,0.849,1.471,0.00301,5.9e-09
273.15,99966,295.989,47.38,-2.899,1.055,0.00287,0
272.594,99865,297.969,41.595,-0.505,-2.862,0.00259,0
272.039,100644,294.757,37.464,2.689,0.979,0.00259,0
272.039,101084,307.022,30.59,2.31,0.841,0.00283,5.9e-09
271.483,100982,304.087,28.284,1.974,-0.719,0.00247,0
272.039,101016,300.095,23.058,-2.904,1.676,0.00269,0
273.15,101253,307.511,24.086,-1.676,2.904,0.00287,2.9e-09
273.15,100373,298.77,23.203,-10.04,3.654,0.00331,2.94e-08
274.261,99594,293.07,28.243,-9.914,3.608,0.00387,7.94e-08
274.261,99323,296.776,25.033,-6.795,0,0.00396,7.94e-08
274.261,99526,291.87,24.664,0,4.113,0.00383,3.53e-08
273.706,100474,280.746,32.948,-5.377,1.957,0.00368,1.47e-08
272.594,100948,268.073,32.783,-5.629,2.049,0.00333,3e-10
272.039,100644,280.629,28.102,-4.285,1.56,0.00319,8.8e-09
270.928,100406,280.554,31.939,-5.063,0.893,0.00285,5.9e-09
268.706,100711,276.468,27.848,-4.05,0.714,0.00222,0
265.928,100440,293.745,21.823,-0.581,-1.596,0.00177,3e-10
265.928,100305,264.92,30.756,-1.024,-2.815,0.00167,0
265.928,100305,255.665,24.009,-4.739,0,0.00169,3e-10
270.372,99628,288.783,12.32,-9.862,-1.739,0.00265,8.8e-09
268.706,98747,282.816,8.29,-4.794,-4.023,0.00232,1.499e-07
269.261,99086,268.993,11.769,-6.133,2.232,0.00253,8.82e-08
268.706,99831,264.729,20.474,-6.868,1.211,0.00234,3e-10
263.706,99526,265.579,16.481,-2.95,0,0.00144,3e-10
262.594,99526,265.484,16.444,0,-3.889,0.00116,0
262.594,100237,263.929,14.042,1.238,-3.403,0.00117,0
260.928,100914,277.948,13.484,0,-1.833,0.00116,3e-10
263.983,100926,277.948,13.484,1.971,3.413,0.00138,0
265.372,101693,282.419,10.305,2.603,-2.184,0.00163,0
267.039,102438,272.156,9.477,-4.159,1.514,0.00178,5.9e-09
265.372,100745,251.712,7.089,-6.384,-1.126,0.00147,0
263.706,100203,229.724,15.755,0,-5.812,0.00119,3e-10
258.706,100576,222.874,18.658,-2.815,-1.024,0.00076,0
260.928,99695,234.256,8.44,1.682,-4.621,9e-04,0
260.372,101084,242.958,10.028,2.615,-3.116,0.00094,0
257.594,101490,239.407,7.136,-11.426,4.159,0.00076,3e-10
266.483,98307,248.932,5.217,-16.299,5.932,0.00194,1.823e-07
268.15,99018,265.896,6.09,-7.421,0,0.0022,5.9e-09
265.372,99695,232.3,6.578,-4.247,0,0.00174,3e-10
260.928,98375,223.591,7.194,-6.049,-2.202,0.00086,0
256.483,100203,219.496,7.763,-4.453,-1.621,0.00054,0
256.483,101693,224.239,6.251,0,-3.621,0.00061,0
259.817,102777,246.038,5.114,0.367,-1.008,0.00094,0
259.261,103386,266.039,4.298,-1.974,-1.14,0.00089,0
253.15,103725,250.208,4.808,-3.962,0.699,0.00049,0
250.928,103183,210.422,6.694,-3.174,0,0.00038,0
249.261,102235,206.249,6.733,-1.747,-1.465,0.00032,0
253.15,101118,225.421,5.223,2.012,-3.484,0.00046,0
251.483,100847,209.62,3.255,0,-6.706,0.00035,0
250.372,100644,192.085,3.468,-0.566,-1.554,0.00031,0
248.706,100068,189.768,3.896,-0.959,-0.805,0.00029,0
247.594,100136,205.15,3.253,-0.428,-1.176,0.00026,0
247.594,101118,206.875,2.848,-0.651,-0.546,0.00028,0
245.928,101355,196.308,3.105,-1.549,0.894,0.00024,0
246.483,100610,196.657,1.702,-0.345,-0.411,0.00025,0
247.594,100542,197.701,2.019,-1.849,-0.326,0.00027,0
247.039,101355,195.859,1.534,-0.55,-1.512,0.00026,0
249.261,100711,189.507,1.679,-0.706,-4.006,0.00032,0
249.909,100926,189.507,1.679,-3.518,0.308,0.00035,0
249.817,100440,193.189,1.46,-1.937,0.342,0.00035,3e-10
249.817,101456,207.45,0.992,1.554,-0.566,0.00035,0
255.928,101050,197.583,0.51,-10.014,0,0.00063,8.23e-08
268.706,98239,244.059,0.516,4.189,11.51,0.00235,5.29e-08
258.706,100677,227.402,0.547,9.95,1.754,0.00088,1.47e-08
251.483,102675,209.424,0.476,-7.396,1.304,0.00042,3e-10
260.928,100508,223.813,0.359,-14.073,5.122,0.00111,9.41e-08
267.039,99424,256.433,0.229,-10.259,5.923,0.00208,1e-07
268.15,100034,254.732,0.257,7.44,1.312,0.00228,1.76e-08
266.483,99695,241.528,0.121,-13.863,5.046,0.00189,8.53e-08
269.261,98747,244.35,0.176,-8.409,1.483,0.00248,4.7e-08
265.928,99289,231.168,0.127,-1.722,-0.627,0.00185,1.47e-08
264.261,100677,240.929,0.101,1.575,-1.322,0.0016,3e-10
259.817,101084,252.303,0.077,3.067,-1.116,0.00104,3e-10
253.15,100373,225.798,0.086,-0.574,-3.258,0.00051,0
259.817,99695,199.487,0.054,-7.421,0,0.00091,1.47e-08
264.817,99086,220.392,0.056,-11.4,0,0.00157,2.9e-09
268.15,98138,231.578,0.044,-7.088,-1.25,0.00204,2.9e-09
268.706,98544,238.744,0.035,-9.298,0,0.00229,2.06e-08
265.928,99797,235.945,0.044,-6.252,1.102,0.00178,3e-10
263.706,99865,237.785,0.035,3.038,0.536,0.00143,3e-10
255.372,100305,190.682,0.048,-2.356,-2.808,0.00061,3e-10
248.706,100373,172.683,0.044,1.04,-5.899,0.00029,0
249.261,101185,171.908,0.043,-1.301,-1.092,0.00031,3e-10
248.15,100847,172.295,0.056,-1.428,-0.52,0.00028,0
249.817,100677,183.275,0.064,-1.386,-0.505,0.00033,0
247.039,99865,174.47,0.087,-1.096,-0.92,0.00026,0
243.706,99661,156.482,0.09,-1.764,0.642,0.00019,3e-10
244.817,99932,172.389,0.106,-3.067,1.116,0.00021,3e-10
240.372,100508,169.226,0.122,-4.104,2.369,0.00013,3e-10
240.372,101287,164.303,0.223,0,-2.28,0.00012,0
240.372,100305,149.179,0.312,-1.722,0.627,0.00013,0
238.15,101016,148.151,0.394,-2.555,1.475,1e-04,0
238.15,100305,151.287,0.445,-1.316,-0.76,1e-04,3e-10
240.928,100136,162.336,0.484,-2.058,0.749,0.00013,2.9e-09
243.15,100474,184.875,0.58,1.453,2.516,0.00018,2.9e-09
235.928,100339,164.708,0.662,-1.386,0.505,8e-05,3e-10
236.483,100169,167.522,0.88,-2.981,1.721,8e-05,3e-10
240.372,100914,167.666,0.872,-7.267,2.645,0.00013,3e-10
243.15,100406,149.454,1.425,0,-3.219,0.00017,0
244.817,100847,149.433,1.481,6.384,-1.126,0.00021,0
242.594,102608,163.994,1.484,3.522,-0.621,0.00016,0
241.483,104165,150.778,2.165,2.377,-0.419,0.00014,0
239.817,104910,148.127,2.227,-4.711,0.831,0.00011,0
248.15,104944,225.973,1.685,-4.181,2.414,3e-04,2.9e-09
248.15,105384,235.135,2.582,-0.89,-0.514,3e-04,5.9e-09
247.039,105114,187.904,3.064,-0.388,-2.201,0.00025,0
250.928,103996,178.943,2.684,0.805,-1.394,0.00039,0
259.817,102506,210.711,3.519,-1.04,-5.899,0.00083,0
257.594,102134,180.683,4.402,3.767,-3.161,0.00071,0
253.15,100644,168.873,4.903,3.547,-9.746,0.00045,0
249.817,100576,153.226,6.118,-1.296,-7.352,0.00029,0
247.039,101016,157.981,3.735,-0.567,-3.214,2e-04,0
243.15,100508,158.429,6.575,0.428,-1.176,0.00016,0
246.483,100745,151.663,7.048,-0.854,-4.843,0.00021,0
239.817,101490,148.641,6.439,-1.045,-0.604,0.00011,0
234.817,102574,158.528,7.194,-0.503,-0.291,6e-05,0
232.594,102134,145.505,9.211,-2.516,1.453,5e-05,3e-10
234.817,100474,166.938,8.699,-7.588,4.381,7e-05,3e-10
234.817,99966,192.894,5.313,-3.801,3.19,0,0
232.039,100271,173.626,5.843,-1.123,0.648,5e-05,3e-10
234.817,100158,173.626,5.843,-3.936,2.272,7e-05,0
233.15,100203,143.999,8.944,0.703,-1.932,6e-05,0
238.706,99323,141.799,8.571,3.664,3.075,1e-04,3e-10
235.372,100711,135.533,14.017,-5.083,1.85,8e-05,3e-10
250.372,100542,165.161,12.944,-11.972,4.358,0.00037,1.205e-07
265.372,100305,251.753,7.974,-12.505,7.22,0.00169,6.76e-08
269.817,100745,259.531,8.307,-11.034,6.37,0.00232,3.23e-08
268.706,100914,268.786,8.546,-7.24,4.18,0.00185,0
264.261,100406,235.678,18.383,-4.094,-0.722,0.00126,0
268.15,99695,224.056,18.174,-10.327,0,0.00194,3e-10
267.039,99763,246.264,13.868,-5.459,0.963,0.00176,0
265.372,99357,253.544,14.986,-0.826,-2.268,0.00163,0
266.483,98815,244.422,14.858,-5.543,0,0.00167,2.9e-09
267.594,99255,248.897,17.024,-4.094,0.722,0.002,5.9e-09
263.15,100034,244.581,21.745,-1.667,1.986,0.00141,1.18e-08
263.15,100169,247.483,34.028,-0.481,-2.73,0.00139,3e-10
260.372,1e+05,235.858,33.107,-1.293,-1.541,0.00106,8.8e-09
258.706,100440,249.297,36.17,0.89,0.747,0.00093,1.18e-08
264.817,100136,246.257,34.475,-2.056,0,0.00159,3e-10
264.817,99797,251.653,32.967,-8.189,1.444,0.00147,2.9e-09
262.039,99086,254.065,42.818,-3.235,1.177,0.00111,0
256.483,99323,194.149,43.4,-1.587,-0.916,0.00068,3e-10
257.039,100779,229.166,38.2,-1.134,0.413,0.00073,3e-10
250.928,102303,180.027,48.008,1.626,-0.939,0.00039,3e-10
245.928,103183,183.704,50.578,2.394,-0.872,0.00023,0
241.483,102777,175.641,53.397,-0.411,-0.345,0.00014,0
244.261,100982,174.012,56.107,-0.753,-4.27,0.00018,0
247.594,101456,162.128,52.637,1.343,-7.616,0.00026,0
251.483,102337,151.24,61.548,-0.388,-2.201,0.00031,0
247.039,102134,158.272,71.744,0.38,0.658,0.00025,0
247.594,101535,158.272,71.744,-2.317,0,0.00026,0
245.928,101084,156.472,73.999,-0.548,-0.46,0.00023,0
248.15,100745,187.289,68.171,1.145,0.202,0.00029,0
245.372,101456,176.112,68.35,0.833,0.993,0.00023,0
242.594,102337,159.207,84.569,-1.565,0,0.00016,0
247.594,101016,183.971,82.909,-8.986,0,0.00029,3.23e-08
249.261,100508,178.484,80.932,-2.268,-0.826,0.00034,3e-10
246.483,101456,176.504,84.071,1.409,-0.248,0.00025,0
243.15,101118,177.132,91.658,-1.189,-0.21,0.00018,0
244.261,100576,181.564,100.394,1.034,1.233,2e-04,0
244.817,101118,164.665,97.487,0.648,1.123,0.00021,0
248.706,101456,178.728,87.618,1.897,-1.095,0.00031,0
250.372,101287,220.638,112.795,1.062,-0.891,0.00037,0
252.594,99865,175.778,108.618,-2.773,-1.009,4e-04,0
252.039,99594,170.214,115.145,-0.84,-0.306,0.00039,0
253.15,99763,178.306,115.309,-1.028,0,0.00044,0
251.483,100644,168.318,121.469,-1.045,-0.604,0.00036,0
248.706,101422,156.832,126.197,-1.013,-0.179,0.00029,0
250.928,101727,151.996,130.662,-1.626,-0.939,0.00032,0
252.039,102134,148.679,134.255,0,-6.974,0.00036,0
249.261,102134,146.163,138.015,-0.241,-1.365,0.00031,0
248.15,102303,164.22,138.901,1.101,0.194,3e-04,0
247.594,102574,175.77,151.722,-1.897,-1.095,0.00027,0
255.372,101050,195.855,128.812,-9.641,-1.7,0.00057,1.18e-08
255.928,100948,202.848,133.162,-4.292,0,7e-04,2.65e-08
249.817,101321,226.133,123.532,1.68,-0.612,0.00036,3e-10
250.928,100847,223.081,161.229,-0.575,-0.685,4e-04,0
253.706,100203,191.02,153.034,-1.483,-4.075,0.00047,0
261.483,99357,219.773,128.748,-1.789,-4.915,0.00102,5.9e-09
261.483,99391,229.032,157.843,-0.629,-3.566,0.00101,0
255.928,99865,193.37,163.668,0,-1.52,0.00066,0
253.15,100847,180.121,179.795,1.13,-0.948,5e-04,0
254.169,100739,180.121,179.795,-1.341,-1.125,0.00054,0
253.15,101659,179.997,174.102,-0.311,-1.761,0.00045,0
249.817,101592,176.276,188.264,-1.084,-0.626,0.00035,0
251.483,101084,197.649,166.127,0.651,0.546,0.00043,3e-10
257.039,101185,217.276,151.895,-0.517,-0.616,0.00071,3e-10
265.928,100508,241.916,159.357,-2.66,7.309,0.00179,5.88e-08
254.817,102066,235.724,180.633,-0.38,2.157,6e-04,3e-10
256.483,102574,210.372,208.435,-5.855,1.032,0.00064,0
267.039,101693,237.912,171.154,-10.628,3.868,0.00172,0
271.483,101321,260.494,166.002,-9.069,1.599,0.00266,0
268.15,101490,231.076,189.128,-1.233,1.034,0.00217,0
264.817,101626,242.529,188.972,0.969,0.171,0.00162,0
262.594,101896,245.114,194.693,3.403,-1.238,0.00133,0
258.15,101896,247.49,198.094,0.559,0.968,0.00086,0
259.261,101389,280.133,211.894,2.113,-0.373,0.00095,3e-10
265.372,101118,278.723,172.599,2.95,-0.52,0.00169,3e-10
268.15,101016,277.74,179.077,2.362,-1.363,0.00218,0
263.15,101084,265.88,184.569,4.006,-0.706,0.00139,0
264.817,101287,277.631,174.585,5.371,-0.947,0.00161,0
266.483,101355,285.364,190.01,5.083,-1.85,0.00184,0
265.372,101084,264.736,227.286,2.593,0,0.00175,0
264.817,101456,274.182,212.972,2.129,1.229,0.00165,3e-10
267.594,101659,269.818,219.685,-2.906,0,0.002,3e-10
272.039,101219,268.184,172.338,-2.727,0,0.00275,0
269.261,101490,260.876,202.421,1.497,0.264,0.00247,0
268.15,101693,259.251,215.972,1.092,1.301,0.00217,0
268.706,101321,245.966,227.167,3.291,-1.9,0.00231,0
265.928,100847,280.2,207.888,3.523,-2.034,0.00178,0
266.483,100644,262.802,227.589,4.873,-1.774,0.00183,0
264.261,101050,265.892,243.073,7.201,-4.157,0.00143,0
260.928,101490,250.553,262.2,7.603,-2.767,0.00108,3e-10
261.946,101106,250.553,262.2,5.663,-0.495,0.00116,0
260.928,101456,261.174,204.54,6.04,-3.487,0.00098,0
258.706,101084,248.803,230.847,2.184,0.795,0.00086,2.9e-09
260.372,100914,207.601,273.902,3.17,-0.559,0.00101,1.18e-08
262.039,101456,227.648,269.21,2.101,0,0.0012,3e-10
263.15,101829,225.424,300.267,2.056,0,0.00132,0
264.261,101389,228.086,279.711,2.593,0,0.00148,0
264.261,101253,238.817,270.757,1.974,1.14,0.00152,0
264.261,100881,243.442,298.988,1.678,1.408,0.00154,0
265.372,100305,267.842,263.134,1.764,-0.642,0.00175,3e-10
267.594,99594,277.887,248.876,5.807,-3.353,0.00211,2.94e-08
267.594,99458,258.043,237.579,4.887,-0.862,0.00214,2.9e-09
270.372,100339,273.318,248.69,3.865,-1.407,0.00275,2.9e-09
269.817,101118,293.932,247.523,7.729,-2.813,0.0026,3e-10
267.594,101896,285.47,253.303,5.459,-0.963,0.00209,3e-10
270.372,102337,290.43,284.549,-4.999,1.819,0.00263,3e-10
274.817,102100,299.286,247.769,-6.267,5.259,0.00346,5.9e-09
277.594,101930,299.004,265.268,-4.747,1.728,0.00422,2.65e-08
277.039,101185,268.613,254.511,-2.089,1.753,0.00389,0
273.706,100881,288.616,192.75,1.428,-0.52,0.00363,0
277.039,100644,291.09,240.651,0.805,1.394,0.00411,0
277.039,100542,266.014,262.761,1.336,-1.121,0.00412,0
275.372,100745,291.819,233.081,2.31,-0.841,0.00401,3e-10
274.817,101456,310.169,232.752,3.361,-1.223,0.00391,3e-10
273.15,101896,293.972,262.407,7.616,-1.343,0.00345,3e-10
272.594,101084,249.811,290.723,7.22,-1.273,0.00332,3e-10
274.817,100576,278.205,252.941,3.038,-0.536,0.00381,0
274.817,100847,248.57,318.27,3.83,-0.675,0.00355,0
274.261,100779,243.246,307.087,3.219,0,0.00378,0
277.039,100203,266.795,289.167,3.407,-1.967,0.00393,0
274.706,100359,293.559,269.431,2.175,-0.383,0.00374,0
274.261,99628,293.559,269.431,0,0,0.00403,2.65e-08
273.15,100339,276.131,285.201,0,0,0.00339,0
274.039,100759,276.131,285.201,0,0,0.0036,0
273.15,100813,299.441,176.172,6.007,-2.186,0.00334,0
272.594,101219,296.419,227.531,5.856,0,0.00328,0
277.039,101795,286.678,270.712,2.289,-0.404,0.00397,0
278.706,101761,281.901,314.433,2.815,-1.024,0.00429,0
277.039,101389,276.958,294.774,3.319,-1.208,0.00413,0
276.483,101524,282.931,296.103,-2.329,1.954,0.00411,0
276.483,101355,282.742,321.272,2.862,0.505,0.00417,0
276.483,100982,286.332,308.39,5.052,0,0.00423,0
276.483,101084,309.93,201.498,2.862,-0.505,0.00447,1.18e-08
280.372,101456,333.619,209.354,3.02,-1.743,0.00528,0
275.928,101185,298.077,278.715,8.673,-1.529,0.0042,3e-10
275.372,101118,292.848,303.49,5.547,-0.978,0.00417,0
276.483,101389,286.191,306.693,1.937,0.342,0.00426,0
282.039,101287,288.285,298.083,1.096,0.92,0.00528,0
279.261,100644,303.114,254.614,3.346,-0.59,0.00475,0
277.039,99932,282.97,280.147,6.075,-1.071,0.0043,0
276.483,100576,295.462,256.265,7.132,-1.258,0.0042,0
284.817,101118,292.2,320.391,1.747,1.465,0.00527,0
283.15,101389,295.649,262.311,1.006,1.742,0.00554,0
279.817,101761,269.177,342.095,1.131,3.109,0.0047,0
281.483,101795,292.031,304.822,0,4.47,0.00499,0
282.039,101524,304.972,262.615,2.184,0.795,0.00541,3e-10
285.372,101084,310.161,252.192,-0.629,-3.566,0.00627,3e-10
285.928,99492,325.958,212.892,-1.788,3.097,0.00736,4.7e-08
283.15,99763,331.27,174.867,-1.437,3.949,0.00586,0
284.261,100136,327.279,210.22,3.527,-2.96,0.00663,0
282.039,100406,280.427,317.488,4.623,-3.879,0.00576,0
279.261,100745,290.298,298.855,7.132,-1.258,0.0051,0
283.706,100677,305.93,286.196,4.799,-0.846,0.00651,0
282.594,100644,328.223,203.628,3.213,-1.855,0.00612,0
284.446,100525,328.223,203.628,4.314,-0.761,0.0065,0
284.817,100576,313.424,252.526,2.4,-1.386,0.0065,3e-10
287.594,100474,318.195,240.484,-2.942,1.699,0.00616,0
288.706,100034,343.998,153.126,-3.717,-2.146,0.00879,1.76e-08
287.594,100440,344.032,191.915,-4.555,3.822,0.00751,1.18e-08
287.039,100813,321.525,208.379,-5.846,3.375,0.00822,2.9e-09
288.706,101253,316.49,277.437,4.762,-2.749,0.00746,0
285.928,101219,282.716,322.578,6.296,-1.11,0.00789,0
283.15,100847,296.669,289.521,3.576,0,0.00688,0
285.372,101050,325.203,223.573,-5.881,2.141,0.00663,3e-10
286.483,100948,322.172,258.4,4.181,-2.414,0.00743,0
285.928,100677,290.551,290.83,5.335,-1.942,0.00728,0
289.817,100576,286.669,301.273,-2.157,0.38,0.00867,0
285.928,101016,327.617,192.293,2.089,1.753,0.00772,1.76e-08
287.039,101355,331.723,195.685,1.431,2.478,0.00758,2.65e-08
287.594,101118,328.558,222.439,1.868,2.226,0.00746,0
286.483,101693,333.423,190.585,3.523,2.034,0.00785,2.9e-09
284.817,101558,337.72,100.388,5.923,2.156,0.00756,1.058e-07
283.15,101016,352.536,72.977,4.495,1.636,0.0071,1.558e-07
283.706,101016,341.964,133.517,3.566,-0.629,0.00729,5.9e-09
282.594,101050,321.986,168.333,2.942,-1.699,0.00632,0
282.594,101050,317.693,211.369,6.001,-3.465,0.00543,0
287.594,100982,280.34,281.074,1.473,-1.236,0.00747,0
288.15,100745,294.949,273.917,-2.101,3.639,0.00809,0
285.928,101084,332.659,138.548,-1.281,7.264,0.00799,1.117e-07
285.928,101151,348.528,70.809,-4.761,8.246,0.00826,8.53e-08
285.372,100813,350.051,83.054,-4.598,5.479,0.00817,5.88e-08
283.15,100745,318.837,99.445,-2.232,6.133,0.00681,7.06e-08
283.706,100373,324.078,135.341,0,4.247,0.00702,9.11e-08
283.706,99797,330.316,86.307,-2.4,6.595,0.00754,2.558e-07
281.483,100406,319.075,106.152,6.595,-2.4,0.00576,3e-10
283.15,100711,322.602,192.051,-5.587,2.034,0.00565,2.9e-09
283.798,100277,322.602,192.051,-1.837,5.048,0.007,0
285.372,99966,328.779,139.676,-4.315,3.621,0.00797,1.76e-08
284.817,100034,337.393,141.561,2.503,0,0.00802,1.18e-08
284.261,100745,339.359,113.296,-1.407,3.865,0.00734,1.18e-08
284.261,100982,335.221,147.101,-2.459,4.259,0.00674,0
284.817,101084,325.124,145.466,3.04,5.265,0.00682,3e-10
283.15,101118,341.744,101.4,1.453,-3.991,0.0064,1.47e-08
282.039,101355,298.918,188.057,6.891,-3.979,0.00542,0
283.706,101456,310.573,204.238,2.815,1.024,0.00686,0
284.261,101355,305.643,158.051,-0.318,-1.805,0.00622,0
285.372,101592,325.042,119.969,1.199,1.006,0.0065,0
287.039,101896,346.727,134.495,-1.638,0.596,0.00734,0
289.261,101727,352.027,125.496,-3.014,2.529,0.00792,0
288.15,101287,350.61,83.922,-2.328,2.774,0.00944,7.64e-08
286.483,100982,348.198,83.749,2.593,4.491,0.00849,7.35e-08
285.928,100271,343.655,75.393,-3.119,8.57,0.00834,1.705e-07
285.928,99865,343.455,74.676,-3.257,8.948,0.00809,7.35e-08
285.372,99695,346.748,75.429,-2.278,6.259,0.00808,3.23e-08
284.817,99594,345.308,58.503,-3.845,6.659,0.00806,9.7e-08
283.706,99458,336.08,75.895,-2.63,7.225,0.00733,5e-08
279.817,100576,316.236,108.579,5.377,-1.957,0.00482,8.8e-09
282.594,100644,325.946,83.97,-3.425,9.41,0.00686,2.793e-07
284.261,100474,336.843,72.895,-3.8,6.582,0.00744,3.23e-08
284.817,100305,332.459,113.517,-2.156,5.923,0.00748,1.18e-08
283.706,99187,330.468,82.585,-2.018,11.446,0.00702,5e-08
280.928,100406,330.565,94.2,9.113,1.607,0.00554,2.9e-09
280.372,100508,316.625,94.47,3.39,-2.845,0.0052,0
280.372,101185,320.523,104.579,3.493,-2.931,0.00523,3e-10
280.928,101321,323.69,86.88,-1.3,3.571,0.00556,5.9e-09
282.039,100576,318.645,86.375,-4.789,-1.743,0.00625,8.8e-09
282.594,99357,322.057,98.878,-5.293,1.926,0.0068,1.323e-07
279.817,99865,309.863,91.282,-6.575,5.517,0.00541,1.205e-07
281.761,99870,309.863,91.282,-4.652,3.903,0.00599,0
280.928,100271,298.418,120.446,-3.698,3.103,0.00508,0
282.594,100068,291.257,126.345,-3.025,-1.101,0.00585,1.47e-08
282.594,99086,307.482,95.326,-7.859,-4.537,0.00667,1.058e-07
281.483,99357,316.331,74.42,-8.234,2.997,0.00603,8.23e-08
283.15,98815,311.842,71.865,-3.185,2.672,0.00702,3.82e-08
280.928,100203,319.458,89.311,4.667,-0.823,0.00609,5.9e-09
279.817,101287,301.675,102.801,1.781,-1.494,0.00533,1.47e-08
279.261,101524,294.239,117.938,3.678,-2.123,0.00441,0
277.039,101626,286.857,111.057,2.71,-1.565,0.00382,0
277.594,101524,273.159,130.624,-2.509,0.442,0.00388,0
279.261,101287,259.394,145.323,-4.006,0.706,0.00401,0
279.817,101118,289.747,116.188,2.981,-1.721,0.00442,0
277.594,101118,289.404,94.977,2.091,-1.207,0.0041,0
278.15,100847,285.066,95.618,2.516,-1.453,0.00422,0
277.594,100711,306.898,83.85,2.5,-2.098,0.0037,0
276.483,98984,283.212,54.676,-5.11,-2.95,0.00427,1.411e-07
277.594,98916,293.373,49.875,5.632,6.712,0.00451,3e-10
276.483,99628,284.896,69.771,2.19,3.794,0.00429,1.47e-08
279.261,99594,313.584,54.075,-4.142,2.392,0.00564,1.029e-07
279.261,100136,322.533,49.225,2.168,3.755,0.00537,1.18e-08
278.15,100779,302.333,64.865,-0.512,-2.906,0.00444,0
277.039,99628,295.3,52.774,-0.668,-3.786,0.00462,4.7e-08
277.594,99357,297.751,49.649,6.13,5.144,0.0046,1.47e-08
275.372,100982,296.004,50.07,6.575,5.517,0.00306,3e-10
274.817,100847,287.178,71.579,-0.831,-4.711,0.00333,3e-10
274.817,99899,272.798,77.338,1.467,-8.321,0.0031,0
274.817,99255,297.79,54.254,3.731,-10.25,0.00308,0
275.928,99594,272.054,66.304,-1.281,-7.264,0.00342,0
274.817,100406,267.569,78.728,2.089,1.753,0.00356,0
274.817,101253,298.762,53.973,-2.328,2.774,0.0037,5.9e-09
275.928,100694,298.762,53.973,-3.585,5.121,0.00393,0
274.817,101185,273.492,60.362,-8.517,4.917,0.00353,1.47e-08
277.594,100644,298.309,29.064,-5.186,8.982,0.0047,1.205e-07
277.594,101084,297.345,41.602,-3.522,-0.621,0.00484,1.76e-08
279.261,100305,301.936,37.543,-8.585,-1.514,0.00524,1.235e-07
278.706,100373,291.739,33.796,-4.021,11.048,0.00469,2.9e-09
278.15,100847,292.804,42.952,-3.104,8.528,0.00455,3.53e-08
276.483,102100,295.869,44.084,3.965,4.726,0.00428,5.9e-09
273.706,102946,279.007,58.796,1.335,-7.572,0.00286,0
273.15,103454,252.909,67.506,-1.59,-4.369,0.00255,0
272.039,103183,245.38,64.677,-1.747,-1.465,0.00263,0
270.372,101998,261,48.897,0,-3.487,0.00229,0
271.483,101118,276.354,45.839,0,-7.287,0.00237,0
272.594,100508,283.091,37.296,0.908,-5.151,0.00283,0
270.372,99966,284.711,29.918,1.865,-5.125,0.00224,3e-10
268.15,100136,263.224,32.981,1.149,-6.516,0.00185,0
268.706,100914,256.001,37.225,1.879,-10.654,0.00182,0
269.261,101795,253.657,32.614,0,-9.79,0.00184,0
269.817,102235,267.617,29.499,0,-5.409,0.00203,0
268.15,102608,275.801,20.958,-1.438,1.207,0.00198,2.9e-09
270.372,103014,298.606,11.103,-6.582,3.8,0.00262,3e-10
268.706,102540,284.001,11.536,-10.685,6.169,0.00208,3e-10
268.15,102845,294.01,14.902,-8.612,3.134,0.0019,3e-10
269.261,103725,293.329,16.755,-1.897,1.095,0.00223,0
267.594,103962,272.429,18.982,-4.801,2.772,0.00186,0
269.817,103386,282.372,12.477,-5.924,4.971,0.00207,0
269.817,102912,276.204,26.533,-4.621,1.682,0.00233,0
268.706,102574,290.118,16.392,-0.326,-1.849,0.00218,0
270.928,102337,294.133,13.412,1.766,-3.058,0.0027,5.9e-09
269.261,102337,279.014,13.868,5.661,-6.746,0.00202,0
268.15,102946,279.698,13.209,0,-8.449,0.00185,0
265.372,103116,245.364,21.297,0,-6.795,0.0013,0
265.187,102478,245.364,21.297,-5.255,3.68,0.00138,0
263.706,102574,246.59,15.547,-0.81,-2.226,0.00129,0
264.261,101964,270.183,14.099,-1.126,-6.384,0.00126,3e-10
260.372,101930,231.729,15.37,0,-5.588,0.00084,0
261.483,101727,258.895,9.503,0.652,-3.698,0.00099,3e-10
259.817,102269,249.268,13.006,-2.207,1.274,0.00093,0
260.372,102608,274.079,6.94,-7.808,6.552,0.00101,2.9e-09
263.706,102946,290.131,5.068,-6.595,2.4,0.00149,1.18e-08
260.372,102472,269.35,8.756,-8.136,0,0.00096,3e-10
260.928,101355,226.123,10.841,-3.71,0,0.00093,0
258.706,100982,224.162,12.385,-1.123,-0.648,0.00081,0
259.261,101524,243.855,8.649,-0.929,-0.536,0.00091,0
257.594,102337,236.495,8.916,-0.357,-2.025,0.00078,0
257.594,101964,234.663,5.393,-2.911,-2.442,0.00073,0
262.594,101422,219.603,8.622,-1.063,-6.031,0.00088,0
261.483,102438,221.153,5.974,0.947,-5.371,0.00095,0
259.261,102472,234.295,6.521,-3.786,0.668,0.00079,0
254.817,101896,212.039,6.729,-2.73,-0.481,5e-04,0
257.039,101930,219.799,6.222,-0.849,-1.471,6e-04,0
254.261,102641,214.245,5.941,-1.355,-0.782,5e-04,0
252.039,102371,236.793,2.953,-1.626,-0.939,0.00045,0
250.372,102438,240.606,3.949,-1.101,-0.194,0.00038,0
249.817,102811,219.096,3.945,-0.798,0.291,0.00035,0
251.483,102404,204.044,3.506,-0.748,-0.132,0.00042,0
253.15,102506,206.652,3.33,-0.685,-0.575,0.00049,0
255.372,102811,209.905,2.785,-1.638,0.596,0.00059,0
257.594,102337,208.308,2.26,-3.786,0.668,0.00069,0
257.594,102235,219.777,1.368,-2.289,0.404,0.00075,0
257.594,102946,220.576,1.762,-1.123,-0.648,0.00072,0
257.594,102675,244.283,1.659,-2.016,0.734,0.00068,0
256.483,102371,220.84,0.791,-0.84,0.306,0.00071,5.9e-09
256.576,102308,220.84,0.791,-1.965,-1.376,0.00067,0
258.706,101558,227.039,1.27,-0.287,-1.629,0.00088,2.9e-09
257.039,101829,198.372,0.983,2.064,-5.671,0.00065,0
252.039,102472,198.973,0.787,-1.815,-1.523,0.00043,0
249.261,102201,198.274,0.744,-0.474,-1.302,0.00033,0
249.817,102100,180.612,0.647,-0.275,-0.756,0.00035,0
252.039,102506,164.571,0.602,-0.474,-1.302,0.00041,0
249.817,102506,176.387,0.426,0,0,0.00034,0
248.706,101558,187.341,0.36,-0.963,-2.647,0.00031,0
250.928,100237,168.993,0.301,-1.788,-3.097,0.00037,0
250.928,100644,177.25,0.215,-0.718,-0.856,0.00037,0
250.372,100914,201.149,0.178,-1.274,-2.207,0.00038,0
249.261,99153,174.302,0.139,0,-3.532,0.00032,0
249.817,99797,157.054,0.12,2.192,-1.839,0.00033,0
245.928,100406,171.777,0.091,0.202,1.145,0.00024,0
244.817,100406,176.253,0.048,-4.994,2.883,0.00021,3e-10
246.483,100576,176.881,0.069,-6.388,3.688,0.00025,3e-10
250.928,99526,177.898,0.058,-11.931,2.104,0.00041,4.12e-08
253.706,100440,153.456,0.065,6.343,-2.309,0.00055,3e-10
245.928,102777,145.441,0.055,-3.109,1.131,0.00024,0
248.15,103386,194.521,0.045,-7.046,4.068,0.00027,0
254.261,102608,219.167,0.049,-11.692,6.75,0.00045,0
255.928,102404,201.719,0.045,-6.889,2.508,0.00048,0
252.039,101896,213.321,0.041,-1.781,-1.494,0.00037,0
249.817,100914,205.24,0.049,-2.155,-2.568,0.00031,0
256.483,100203,203.004,0.042,-5.327,0.939,0.00062,3e-10
258.15,100237,209.53,0.061,-3.522,0.621,0.00085,3e-10
262.039,99865,221.096,0.055,-0.887,-2.436,0.00109,0
266.483,99797,236.312,0.091,-5.943,1.048,0.00143,0
266.483,99458,227.058,0.084,-6.637,-2.416,0.00157,1.18e-08
265.928,99120,227.503,0.132,-4.975,-0.877,0.00165,2.9e-09
267.039,99695,227.857,0.172,-7.22,1.273,0.00187,5.9e-09
267.317,99413,227.857,0.172,-5.342,0,0.0019,0
269.817,99424,238.49,0.166,-5.052,0,0.00235,3e-10
266.483,99018,231.483,0.257,-3.918,-0.691,0.00184,5.9e-09
268.15,99763,221.506,0.29,-3.522,0.621,0.00219,1.76e-08
265.372,100373,240.942,0.416,-3.83,0.675,0.00151,3e-10
267.039,100068,220.027,0.452,-7.528,1.327,0.00159,0
267.039,99424,221.517,0.548,-5.99,0,0.00174,3e-10
262.594,99695,219.414,0.669,-0.994,-2.731,0.00114,0
259.817,101016,222.208,0.84,-2.268,-0.826,0.00096,5.9e-09
262.039,101456,223.803,1.299,-6.84,0,0.00116,3e-10
263.15,100745,211.154,1.261,-10.786,1.902,0.00138,8.8e-09
267.039,100440,236.675,1.161,-11.27,1.987,0.0019,1.76e-08
268.15,100136,236.09,1.415,-11.981,0,0.00218,3.23e-08
272.039,98984,254.945,1.332,-11.975,2.111,0.0032,7.35e-08
267.594,99255,231.144,1.921,2.156,5.923,0.00209,9.7e-08
260.372,101287,209.481,1.893,1.422,3.907,0.00103,5.9e-09
253.15,102235,202.545,2.767,0,-1.609,0.00051,3e-10
249.261,102641,166.239,3.773,0,-3.755,3e-04,0
248.706,103488,165.3,3.978,-0.916,-1.587,0.00029,0
251.483,102777,173.002,4.671,-5.335,-1.942,0.00035,0
262.039,101524,215.192,3.335,-11.131,0,0.0011,2.35e-08
261.483,101998,231.374,4.403,0,0,0.001,0
259.261,101456,214.599,4.175,-4.411,-1.605,0.00075,0
258.706,101185,223.177,4.265,-7.572,-1.335,0.00059,0
253.706,101998,192.986,7.47,-3.742,-0.66,0.00038,0
253.706,102472,174.877,8.054,2.171,-5.965,4e-04,0
252.594,102404,165.008,9.457,-0.792,-4.491,0.00036,0
252.594,103454,169.882,8.754,0,-4.515,0.00033,0
253.706,103319,170.564,11.252,0,-4.605,0.00033,0
252.594,101659,175.035,10.995,-2.465,0.435,0.00032,0
257.594,100745,202.835,7.661,-4.336,0,7e-04,5.9e-09
259.261,100914,227.426,8.498,-4.226,0.745,0.00095,3.53e-08
256.946,100988,227.426,8.498,-3.524,0,0.00069,0
249.817,102032,228.2,10.958,1.475,0,0.00037,3e-10
258.706,100610,233.182,8.484,-4.962,0,0.00085,1.18e-08
263.706,99966,258.606,10.132,-3.522,-0.621,0.00143,0
259.817,100542,238.006,13.043,-3.174,0,0.00087,3e-10
255.372,100847,209.857,16.691,-0.512,-2.906,0.00053,0
249.261,101050,171.021,20.348,-0.248,-1.409,0.00032,0
245.928,100406,148.413,22.49,-0.38,-2.157,0.00023,0
242.594,100677,157.783,22.375,-0.536,-0.929,0.00017,3e-10
253.706,99865,191.147,19.581,-0.582,-3.302,0.00052,1.47e-08
264.817,98341,236.034,15.595,-3.755,6.504,0.00164,3.53e-08
253.706,100271,212.93,19.317,-1.407,3.865,0.00053,3e-10
258.706,100474,216.168,24.346,-4.579,0.807,0.00087,2.35e-08
264.261,100373,227.241,17.176,-4.511,5.377,0.00155,4.41e-08
261.483,99966,227.079,17.514,2.226,1.868,0.00121,1.176e-07
250.928,100711,211.85,28.706,-1.699,2.942,0.00041,2.06e-08
245.928,102066,200.103,37.143,1.233,1.034,0.00025,2.9e-09
244.261,102574,182.658,36.471,0.349,-1.981,0.00019,0
242.039,102811,168.61,42.413,-1.37,-1.149,0.00015,0
244.817,101693,195.027,39.871,-3.258,0.574,0.00019,0
247.594,100508,167.204,49.165,-2.394,-0.872,0.00027,0
245.928,100305,155.092,52.376,-2.201,0.388,0.00023,0
244.261,100474,153.265,49.228,-2.113,-0.373,0.00019,3e-10
244.817,99899,180.429,62.115,-0.722,-4.094,0.00019,3e-10
248.706,100305,198.535,49.955,-0.738,-1.278,0.00031,3e-10
240.372,101287,175.76,52.887,3.566,0.629,0.00013,5.9e-09
240.928,101422,154.212,55.061,0.155,-0.88,0.00014,0
246.483,100034,197.487,52.806,-0.387,-0.224,0.00025,0
249.817,101300,226.707,48.192,2.289,-0.404,0.00034,0
246.761,101470,226.707,48.192,-2.627,1.225,0.00026,0
242.594,101626,208.558,67.991,3.129,0,0.00017,0
243.706,102134,183.278,72.374,-1.678,-1.408,0.00018,0
257.039,102134,217.961,63.959,-7.278,4.202,7e-04,0
264.817,102066,223.278,63.517,-10.298,5.946,0.00147,0
269.817,101118,254.734,58.732,-10.796,3.929,0.00246,5.9e-09
267.594,100576,264.075,64.414,-9.175,5.297,0.00211,1.76e-08
268.15,99695,239.716,56.697,-10.237,0,0.00216,2.65e-08
270.372,99187,256.35,53.899,-10.712,3.899,0.00253,8.8e-09
265.372,100373,262.589,63.876,-6.04,3.487,0.00171,1.18e-08
258.706,102404,228.079,87.994,5.769,-3.33,0.00089,1.76e-08
253.706,103996,206.14,94.55,2.184,-0.795,0.00055,0
252.039,103657,198,94.42,-0.536,0,0.00045,0
253.15,102811,230.202,99.875,-0.588,-0.214,0.00049,0
254.817,102574,181.648,113.656,-3.874,-0.683,0.00045,0
260.928,101490,177.256,114.103,-8.761,1.545,0.00078,0
260.928,101558,197.533,108.388,-9.578,3.486,0.00084,0
262.594,102574,214.981,113.076,0,0,0.00098,0
262.039,102574,216.835,117.316,0.978,-5.547,0.00091,0
256.483,102608,212.736,109.392,-0.45,-2.553,0.00064,0
254.817,101456,228.272,107.505,4.413,-2.548,6e-04,3e-10
249.261,101626,192.237,128.46,3.91,-2.258,3e-04,0
250.928,101422,175.992,129.132,1.172,-6.648,0.00034,3e-10
251.483,101456,201.641,129.899,4.646,-2.682,0.00042,5.9e-09
248.15,101795,201.179,147.059,-0.833,-0.993,0.00031,3e-10
247.594,101422,191.325,135.21,1.764,-0.642,0.00027,0
248.15,101626,176.066,164.49,0.431,-0.514,0.00029,0
248.15,102167,183.602,151.492,1.453,2.516,3e-04,3e-10
250.372,101626,182.866,160.62,-1.422,-3.907,0.00033,0
259.817,101287,211.818,151.444,-0.52,-2.95,0.00095,1.18e-08
255.928,102134,231.798,145.312,3.889,0,0.00065,2.9e-09
254.817,102506,252.548,112.817,0.345,-0.411,0.00059,3e-10
259.076,102241,252.548,112.817,-3.125,-0.273,0.00084,0
258.15,102303,246.695,153.411,-0.813,-0.469,8e-04,3e-10
262.039,102269,215.376,166.975,-2.906,-0.512,0.00107,0
263.706,102946,216.673,173.634,-7.51,0,0.00107,0
265.928,102946,195.229,188.765,-6.437,0,0.00114,0
262.039,102134,189.712,193.744,-4.569,-5.445,0.00079,0
256.483,101693,161.626,200.421,-2.123,-3.678,0.00049,0
253.706,101355,179.409,189.303,-1.585,0.279,0.00044,0
251.483,101422,175.539,191.744,1.162,-2.013,0.00036,0
255.928,100034,183.294,189.277,0,-7.063,0.00057,3e-10
258.15,100813,195.494,187.108,-1.974,-1.14,8e-04,5.9e-09
255.372,102337,191.766,216.833,1.644,1.379,0.00063,0
252.594,102946,190.555,227.323,-2.323,1.341,0.00048,0
257.594,102777,224.848,208.573,-5.807,3.353,0.00078,5.9e-09
259.261,103725,220.406,223.684,0,-4.068,0.00081,0
255.928,104098,215.996,228.058,0.411,0.345,0.00064,0
254.817,103420,206.809,235.706,0.176,0,6e-04,0
259.261,103386,203.778,248.775,0.792,-0.14,0.00088,0
258.15,103420,203.062,239.02,1.199,1.006,0.00081,0
258.706,103386,223.326,229.696,0.431,0.514,0.00087,0
260.928,103082,234.025,225.688,2.686,-0.474,0.00109,0
260.372,103048,219.366,249.225,2.352,-0.856,0.00105,0
264.817,102743,262.829,234.281,-4.76,3.994,0.00152,3e-10
269.817,102506,264.395,213.135,5.251,1.911,0.00251,4.12e-08
269.817,102438,276.602,172.294,5.377,1.957,0.00243,2.65e-08
265.372,102574,269.884,233.523,0.924,-5.239,0.0015,0
268.706,101151,280.498,269.087,5.787,-4.856,0.00223,1.18e-08
265.928,102404,226.906,248.416,5.924,-4.971,0.00155,0
264.817,102608,278.933,237.073,5.459,-3.152,0.00163,0
266.483,102201,262.917,270.517,6.335,-5.316,0.00183,3e-10
264.817,102134,246.364,248.635,-2.478,-1.431,0.00123,0
263.706,102117,246.364,248.635,4.39,-1.598,0.00125,0
261.483,101795,201.915,301.368,0,-4.47,0.00083,0
263.15,101896,197.245,295.965,0,-3.442,0.00108,0
261.483,102066,247.32,263.875,2.682,0,0.00111,0
263.15,101896,275.296,212.731,4.05,-0.714,0.0014,3e-10
268.706,101964,281.809,261.023,3.291,1.9,0.00227,1.76e-08
268.15,102066,271.203,257.057,1.437,3.949,0.00211,2.9e-09
268.15,101998,285.737,246.561,3.938,3.305,0.00226,2.06e-08
272.039,102506,293.805,217.177,3.356,2.816,0.00303,3e-10
268.706,102574,289.031,216.997,-2.284,1.319,0.00226,0
267.039,102100,280.857,225.489,0.852,0.492,0.00205,3e-10
272.594,101524,295.989,237.296,3.445,-1.254,0.00338,3e-10
267.594,100948,265.921,301.507,7.294,-6.121,0.00189,1.18e-08
263.706,100881,260.594,305.985,5.822,-4.885,0.00128,0
264.261,100677,256.519,269.23,4.53,-2.615,0.00145,2.9e-09
267.594,99932,263.185,260.489,-3.196,8.78,0.0021,1.47e-08
264.261,99560,254.135,281.201,-4.403,7.627,0.00153,2.06e-08
261.483,100644,229.409,298.38,1.764,0.642,0.00111,2.9e-09
264.261,101355,239.141,352.881,-1.281,7.264,0.00157,2.94e-08
272.594,102134,283.648,232.515,2.874,7.898,0.00329,2.94e-08
274.261,102574,282.031,218.826,-4.381,7.588,0.00367,3.23e-08
275.372,101829,287.821,263.983,-4.694,8.13,0.00405,6.17e-08
275.928,101524,286.498,276.794,-5.377,1.957,0.00409,2.9e-09
275.928,101626,299.429,269.854,-1.865,5.125,0.004,0
275.372,101998,285.198,289.087,-1.363,2.362,0.00365,0
277.594,101355,290.171,272.98,-0.826,-2.268,0.00414,2.9e-09
277.594,101084,279.641,303.894,0.546,0.651,0.00431,0
275.372,101151,275.714,277.94,3.319,-1.208,0.00404,0
273.706,101253,257.933,315.97,7.603,-2.767,0.00377,0
274.817,101185,288.178,276.217,4.181,-2.414,0.00383,0
277.039,101389,271.584,295.757,-0.427,-2.421,0.00423,0
280.372,101964,255.606,324.331,-0.893,-5.063,0.00405,0
278.428,101451,255.606,324.331,3.49,0.935,0.00425,0
283.15,101998,266.213,324.02,-0.38,-2.157,0.0049,0
277.594,101422,279.176,308.552,1.665,-0.961,0.00388,0
277.594,100745,283.673,300.786,4.831,-1.758,0.00443,0
274.817,100271,280.33,244.727,7.044,1.242,0.00374,0
275.372,100677,279.795,223.636,2.773,1.009,0.00392,2.35e-08
279.817,100948,307.684,196.441,-0.535,1.47,0.00529,1.47e-08
275.372,101389,311.877,198.424,3.786,-0.668,0.00403,3e-10
275.928,101727,299.424,135.086,-0.66,3.742,0.00413,6.47e-08
278.15,101930,300.883,207.14,3.446,1.989,0.00477,2.94e-08
279.817,102506,285.07,271.82,-1.428,0.52,0.00533,0
